#E_pot E_kin E_opt Temperature
-2.97395 107.539 0 587.956
-3.95223 108.695 0.182903 594.28
-3.05439 107.988 0.365806 590.409
-3.26108 108.376 0.548709 592.534
-3.40331 108.698 0.731612 594.291
-3.12073 108.601 0.914514 593.764
-3.16856 108.835 1.09742 595.044
-3.36308 109.208 1.28032 597.079
-2.37148 108.409 1.46322 592.716
-2.8967 109.11 1.64613 596.548
-2.59066 108.99 1.82903 595.891
-2.27311 108.856 2.01193 595.155
-2.48129 109.248 2.19483 597.299
-2.09539 109.045 2.37774 596.19
-1.1593 108.295 2.56064 592.09
-0.784025 108.103 2.74354 591.038
-1.18271 108.685 2.92645 594.22
-1.66546 109.352 3.10935 597.867
-1.06076 108.928 3.29225 595.552
-1.066 109.116 3.47516 596.582
-1.47401 109.709 3.65806 599.82
-0.953763 109.372 3.84096 597.98
-0.850608 109.452 4.02386 598.414
-0.838025 109.624 4.20677 599.358
-0.732039 109.7 4.38967 599.775
-0.383698 109.54 4.57257 598.895
-0.728417 110.061 4.75548 601.746
-0.0902128 109.61 4.93838 599.282
-0.715345 110.414 5.12128 603.675
-0.66798 110.553 5.30418 604.434
-0.522881 110.592 5.48709 604.65
0.773113 109.484 5.66999 598.589
0.599275 109.839 5.85289 600.53
1.82055 108.803 6.0358 594.869
0.640574 110.162 6.2187 602.297
0.949309 110.042 6.4016 601.644
1.06493 110.109 6.5845 602.008
1.1601 110.197 6.76741 602.491
0.644228 110.896 6.95031 606.313
1.44678 110.275 7.13321 602.914
1.1359 110.771 7.31612 605.626
0.988683 111.1 7.49902 607.427
0.756276 111.513 7.68192 609.686
1.19273 111.265 7.86482 608.326
0.740327 111.898 8.04773 611.792
1.39716 111.427 8.23063 609.214
1.56713 111.435 8.41353 609.256
1.07597 112.114 8.59644 612.967
2.06406 111.311 8.77934 608.582
2.61057 110.949 8.96224 606.599
2.05745 111.684 9.14514 610.618
2.00159 111.923 9.32805 611.926
1.69175 112.412 9.51095 614.602
2.21293 112.077 9.69385 612.77
2.68824 111.787 9.87676 611.184
3.09085 111.566 10.0597 609.976
2.35347 112.488 10.2426 615.014
2.66387 112.357 10.4255 614.299
2.91542 112.293 10.6084 613.949
3.75622 111.638 10.7913 610.366
2.84744 112.725 10.9742 616.31
3.28991 112.47 11.1571 614.915
3.13376 112.808 11.34 616.765
3.2526 112.874 11.5229 617.123
3.38005 112.927 11.7058 617.415
3.96732 112.528 11.8887 615.231
3.65227 113.023 12.0716 617.938
3.7316 113.128 12.2545 618.512
2.86504 114.175 12.4374 624.236
3.94687 113.28 12.6203 619.346
4.85792 112.552 12.8032 615.364
4.43807 113.157 12.9861 618.673
4.617 113.158 13.169 618.68
4.39337 113.566 13.3519 620.908
5.48418 112.662 13.5348 615.966
3.9451 114.381 13.7177 625.367
4.1271 114.381 13.9006 625.362
4.76294 113.932 14.0835 622.911
5.055 113.822 14.2664 622.307
4.89433 114.167 14.4493 624.193
5.67929 113.569 14.6322 620.926
5.3658 114.061 14.8151 623.613
5.79738 113.817 14.998 622.281
5.77415 114.025 15.1809 623.417
5.42593 114.554 15.3638 626.312
6.7018 113.46 15.5467 620.332
5.70987 114.637 15.7296 626.766
5.82556 114.705 15.9126 627.137
6.53869 114.174 16.0955 624.233
6.54571 114.354 16.2784 625.215
6.8376 114.243 16.4613 624.61
7.10852 114.155 16.6442 624.13
6.51651 114.931 16.8271 628.373
7.11589 114.513 17.01 626.085
7.75019 114.063 17.1929 623.629
7.94526 114.056 17.3758 623.588
8.49731 113.691 17.5587 621.592
7.206 115.159 17.7416 629.616
8.62547 113.932 17.9245 622.908
7.39645 115.336 18.1074 630.585
8.05886 114.86 18.2903 627.983
8.16302 114.936 18.4732 628.397
7.9896 115.297 18.6561 630.37
7.98126 115.486 18.839 631.408
7.66976 115.98 19.0219 634.104
7.21688 116.612 19.2048 637.563
8.71546 115.301 19.3877 630.395
7.73466 116.464 19.5706 636.752
8.714 115.672 19.7535 632.42
8.59379 115.972 19.9364 634.065
8.34193 116.409 20.1193 636.451
8.67858 116.255 20.3022 635.611
9.53764 115.582 20.4851 631.932
9.21714 116.09 20.668 634.707
8.58435 116.897 20.8509 639.122
8.37661 117.29 21.0338 641.268
9.13985 116.713 21.2167 638.114
9.35272 116.681 21.3996 637.942
9.53171 116.687 21.5825 637.97
9.24355 117.159 21.7654 640.553
9.41379 117.17 21.9483 640.611
10.3581 116.41 22.1313 636.458
10.3811 116.572 22.3142 637.344
10.2638 116.875 22.4971 638.998
10.6486 116.669 22.68 637.874
10.3234 117.182 22.8629 640.679
10.5318 117.157 23.0458 640.541
10.7996 117.068 23.2287 640.054
10.1016 117.95 23.4116 644.879
11.034 117.204 23.5945 640.798
10.6079 117.814 23.7774 644.135
11.4065 117.2 23.9603 640.775
11.1133 117.677 24.1432 643.383
11.1032 117.869 24.3261 644.436
11.1409 118.016 24.509 645.238
10.8455 118.491 24.6919 647.836
11.3312 118.187 24.8748 646.175
11.7825 117.925 25.0577 644.741
11.651 118.237 25.2406 646.448
11.8723 118.201 25.4235 646.248
12.2041 118.057 25.6064 645.463
13.112 117.329 25.7893 641.482
12.7987 117.826 25.9722 644.201
11.4703 119.335 26.1551 652.452
12.3758 118.613 26.338 648.504
11.9034 119.265 26.5209 652.065
12.6487 118.708 26.7038 649.021
12.3745 119.167 26.8867 651.531
12.9459 118.78 27.0696 649.417
12.7514 119.156 27.2525 651.469
13.0629 119.029 27.4354 650.776
13.3679 118.908 27.6183 650.117
12.3133 120.143 27.8012 656.866
14.2822 118.362 27.9841 647.132
13.7114 119.115 28.167 651.249
13.7417 119.265 28.3499 652.065
14.2399 118.956 28.5329 650.38
14.2069 119.173 28.7158 651.564
13.7297 119.832 28.8987 655.167
12.9422 120.8 29.0816 660.457
14.003 119.928 29.2645 655.692
13.887 120.224 29.4474 657.313
15.2968 119.002 29.6303 650.627
14.7743 119.701 29.8132 654.454
14.7264 119.934 29.9961 655.727
15.6183 119.227 30.179 651.859
14.2132 120.81 30.3619 660.513
15.9704 119.241 30.5448 651.938
14.4493 120.944 30.7277 661.246
14.9571 120.618 30.9106 659.465
15.6536 120.106 31.0935 656.667
15.0166 120.924 31.2764 661.135
16.1106 120.017 31.4593 656.179
15.9994 120.316 31.6422 657.812
16.2716 120.227 31.8251 657.327
16.3202 120.358 32.008 658.041
16.0238 120.835 32.1909 660.652
16.9013 120.151 32.3738 656.909
16.1604 121.066 32.5567 661.912
16.403 121.009 32.7396 661.604
16.9942 120.606 32.9225 659.398
16.3923 121.383 33.1054 663.648
18.1781 119.79 33.2883 654.938
17.5945 120.554 33.4712 659.117
16.7049 121.622 33.6541 664.954
17.388 121.127 33.837 662.25
17.7138 120.984 34.0199 661.464
18.0586 120.822 34.2028 660.58
17.6558 121.411 34.3857 663.798
17.7454 121.502 34.5686 664.296
17.3431 122.086 34.7516 667.493
17.538 122.077 34.9345 667.443
19.0015 120.799 35.1174 660.453
18.8398 121.145 35.3003 662.344
19.1101 121.058 35.4832 661.873
18.503 121.842 35.6661 666.157
19.2604 121.278 35.849 663.072
18.5185 122.197 36.0319 668.1
18.0816 122.815 36.2148 671.476
18.1616 122.915 36.3977 672.025
18.7798 122.488 36.5806 669.686
18.3537 123.094 36.7635 673
19.6981 121.938 36.9464 666.68
18.8458 122.971 37.1293 672.328
19.7664 122.235 37.3122 668.306
18.6487 123.533 37.4951 675.4
19.5108 122.858 37.678 671.711
20.2443 122.304 37.8609 668.685
21.6479 121.092 38.0438 662.056
20.3425 122.579 38.2267 670.185
19.647 123.453 38.4096 674.962
19.3423 123.94 38.5925 677.628
20.0971 123.37 38.7754 674.509
20.9289 122.723 38.9583 670.976
20.1107 123.723 39.1412 676.44
20.0264 123.989 39.3241 677.898
19.8074 124.393 39.507 680.106
19.9528 124.431 39.6899 680.314
20.4341 124.133 39.8728 678.685
19.8471 124.901 40.0557 682.88
20.9597 123.977 40.2386 677.828
21.6197 123.505 40.4215 675.247
22.1724 123.133 40.6044 673.216
22.2198 123.27 40.7873 673.962
21.047 124.617 40.9702 681.33
22.188 123.664 41.1532 676.12
22.2356 123.801 41.3361 676.868
22.62 123.604 41.519 675.792
21.5968 124.805 41.7019 682.355
22.8284 123.758 41.8848 676.634
22.3424 124.428 42.0677 680.294
22.8535 124.101 42.2506 678.51
22.3818 124.755 42.4335 682.084
22.9154 124.412 42.6164 680.21
23.4473 124.059 42.7993 678.28
23.2918 124.401 42.9822 680.148
22.2812 125.59 43.1651 686.651
23.0861 124.967 43.348 683.243
22.5023 125.733 43.5309 687.428
23.607 124.818 43.7138 682.429
23.1729 125.433 43.8967 685.792
23.6205 125.176 44.0796 684.385
23.0478 125.927 44.2625 688.49
24.1937 124.966 44.4454 683.238
23.7405 125.598 44.6283 686.694
24.342 125.184 44.8112 684.427
23.2762 126.426 44.9941 691.221
23.3663 126.522 45.177 691.744
24.8174 125.258 45.3599 684.832
23.7237 126.53 45.5428 691.79
24.688 125.757 45.7257 687.56
24.7404 125.885 45.9086 688.261
23.9785 126.825 46.0915 693.403
25.1873 125.806 46.2744 687.83
24.9458 126.233 46.4573 690.162
25.4509 125.912 46.6402 688.407
25.3343 126.207 46.8231 690.021
26.2436 125.485 47.006 686.072
26.8921 125.021 47.1889 683.535
26.2141 125.879 47.3719 688.23
26.5621 125.72 47.5548 687.359
25.717 126.741 47.7377 692.943
27.2587 125.391 47.9206 685.562
27.204 125.626 48.1035 686.845
27.1772 125.834 48.2864 687.985
27.2096 125.991 48.4693 688.839
27.0325 126.349 48.6522 690.799
27.0494 126.513 48.8351 691.693
26.7098 127.039 49.018 694.569
27.7783 126.153 49.2009 689.729
28.2702 125.84 49.3838 688.016
27.9473 126.352 49.5667 690.813
28.6309 125.854 49.7496 688.093
28.1304 126.534 49.9325 691.811
28.1628 126.682 50.1154 692.62
27.4112 127.615 50.2983 697.719
28.2944 126.919 50.4812 693.917
26.66 128.734 50.6641 703.836
27.9167 127.658 50.847 697.957
30.1264 125.642 51.0299 686.933
29.2745 126.674 51.2128 692.573
28.0181 128.11 51.3957 700.427
29.6146 126.701 51.5786 692.725
28.1243 128.371 51.7615 701.856
30.7535 125.934 51.9444 688.529
30.1844 126.68 52.1273 692.611
29.577 127.47 52.3102 696.929
29.5617 127.674 52.4931 698.04
29.0535 128.357 52.676 701.776
30.6138 126.99 52.8589 694.303
29.6885 128.095 53.0418 700.343
31.229 126.744 53.2247 692.956
29.6566 128.488 53.4076 702.491
30.4675 127.865 53.5905 699.088
29.0644 129.447 53.7735 707.738
30.3518 128.346 53.9564 701.716
30.6137 128.274 54.1393 701.322
29.668 129.396 54.3222 707.458
31.7214 127.534 54.5051 697.278
32.4412 126.998 54.688 694.345
31.5817 128.038 54.8709 700.034
32.5227 127.285 55.0538 695.915
31.8953 128.092 55.2367 700.327
31.2833 128.881 55.4196 704.641
31.561 128.793 55.6025 704.158
30.5299 130.001 55.7854 710.765
30.8882 129.829 55.9683 709.822
30.6342 130.265 56.1512 712.209
32.1056 128.981 56.3341 705.189
30.7334 130.535 56.517 713.684
32.8912 128.562 56.6999 702.897
30.1559 131.47 56.8828 718.798
32.6158 129.205 57.0657 706.411
31.0562 130.942 57.2486 715.911
32.5332 129.652 57.4315 708.856
32.6345 129.736 57.6144 709.315
32.6216 129.93 57.7973 710.377
31.9725 130.758 57.9802 714.906
33.9356 128.99 58.1631 705.239
33.4724 129.634 58.346 708.757
32.5375 130.745 58.5289 714.834
35.3587 128.118 58.7118 700.47
33.8244 129.831 58.8947 709.833
35.6712 128.169 59.0776 700.75
35.3426 128.682 59.2605 703.553
36.9555 127.255 59.4434 695.75
34.6004 129.785 59.6263 709.582
35.63 128.949 59.8092 705.015
35.1313 129.624 59.9922 708.706
36.2687 128.676 60.1751 703.522
34.5945 130.525 60.358 713.632
35.3962 129.913 60.5409 710.287
33.7886 131.699 60.7238 720.049
36.7844 128.895 60.9067 704.72
35.8554 130.004 61.0896 710.784
37.3292 128.717 61.2725 703.745
35.7555 130.47 61.4554 713.329
35.7575 130.65 61.6383 714.311
37.2355 129.361 61.8212 707.265
35.052 131.721 62.0041 720.167
37.3947 129.565 62.187 708.38
37.0931 130.054 62.3699 711.055
36.4722 130.86 62.5528 715.461
35.9919 131.518 62.7357 719.06
37.2615 130.435 62.9186 713.136
36.463 131.413 63.1015 718.484
37.0225 131.039 63.2844 716.439
36.9496 131.294 63.4673 717.834
37.4013 131.023 63.6502 716.354
36.9449 131.661 63.8331 719.843
38.2816 130.52 64.016 713.601
36.1983 132.778 64.1989 725.947
36.064 133.094 64.3818 727.676
36.2828 133.059 64.5647 727.483
37.4713 132.053 64.7476 721.987
37.7619 131.948 64.9305 721.412
39.0824 130.815 65.1134 715.215
38.7063 131.373 65.2963 718.264
38.8935 131.369 65.4792 718.243
37.9858 132.457 65.6621 724.191
38.0448 132.581 65.845 724.872
37.6911 133.115 66.0279 727.793
39.0639 131.933 66.2108 721.327
38.2078 132.968 66.3938 726.985
38.5087 132.854 66.5767 726.363
38.237 133.309 66.7596 728.849
38.6323 133.093 66.9425 727.669
38.9739 132.938 67.1254 726.825
39.4844 132.616 67.3083 725.06
39.4582 132.821 67.4912 726.186
40.1371 132.331 67.6741 723.505
39.3711 133.277 67.857 728.674
40.4073 132.426 68.0399 724.023
40.2191 132.798 68.2228 726.057
41.7114 131.494 68.4057 718.928
38.221 135.155 68.5886 738.943
39.0745 134.489 68.7715 735.302
38.8031 134.941 68.9544 737.774
39.7066 134.222 69.1373 733.844
41.2983 132.821 69.3202 726.182
41.1605 133.14 69.5031 727.925
40.2087 134.276 69.686 734.138
40.274 134.391 69.8689 734.765
40.7754 134.073 70.0518 733.029
41.6781 133.355 70.2347 729.104
41.7136 133.505 70.4176 729.921
42.3872 133.016 70.6005 727.248
41.9818 133.605 70.7834 730.469
43.1793 132.597 70.9663 724.957
43.3608 132.595 71.1492 724.949
41.6167 134.516 71.3321 735.451
43.3043 133.015 71.515 727.246
43.2674 133.234 71.6979 728.443
44.2809 132.409 71.8808 723.932
43.9854 132.886 72.0637 726.539
44.2524 132.803 72.2466 726.083
44.4266 132.811 72.4295 726.126
41.1244 136.289 72.6125 745.145
42.4576 135.148 72.7954 738.905
41.8012 135.979 72.9783 743.452
43.6111 134.363 73.1612 734.613
43.4728 134.679 73.3441 736.344
44.031 134.308 73.527 734.311
44.5489 133.977 73.7099 732.501
45.4031 133.308 73.8928 728.844
43.905 134.989 74.0757 738.039
44.1447 134.931 74.2586 737.719
44.371 134.886 74.4415 737.473
44.0165 135.421 74.6244 740.401
44.3595 135.262 74.8073 739.529
42.4669 137.336 74.9902 750.869
44.7317 135.262 75.1731 739.528
45.5584 134.618 75.356 736.005
44.147 136.21 75.5389 744.712
45.3824 135.157 75.7218 738.954
44.6635 136.059 75.9047 743.884
46.1204 134.788 76.0876 736.939
45.191 135.898 76.2705 743.008
45.3342 135.938 76.4534 743.224
45.6873 135.771 76.6363 742.314
44.0839 137.55 76.8192 752.039
45.9905 135.837 77.0021 742.675
45.8934 136.112 77.185 744.177
46.5392 135.65 77.3679 741.648
46.4472 135.929 77.5508 743.176
48.1696 134.393 77.7337 734.778
48.3778 134.366 77.9166 734.628
48.4671 134.465 78.0995 735.17
49.0689 134.048 78.2824 732.89
49.6596 133.639 78.4653 730.657
52.0308 131.456 78.6482 718.722
50.4556 133.215 78.8311 728.335
49.217 134.631 79.0141 736.078
49.6783 134.355 79.197 734.568
48.9216 135.287 79.3799 739.663
49.4624 134.944 79.5628 737.793
50.2198 134.36 79.7457 734.596
50.8368 133.932 79.9286 732.255
49.3018 135.643 80.1115 741.613
49.5425 135.585 80.2944 741.294
49.3615 135.952 80.4773 743.301
48.4489 137.048 80.6602 749.293
50.9579 134.723 80.8431 736.584
50.8359 135.03 81.026 738.261
50.8035 135.251 81.2089 739.467
50.7125 135.521 81.3918 740.943
51.1919 135.227 81.5747 739.34
51.0628 135.536 81.7576 741.029
53.2543 133.539 81.9405 730.111
52.3263 134.644 82.1234 736.151
51.5923 135.561 82.3063 741.166
52.0718 135.262 82.4892 739.526
53.9843 133.542 82.6721 730.126
51.602 136.102 82.855 744.122
53.7712 134.12 83.0379 733.283
53.3309 134.739 83.2208 736.668
53.5137 134.746 83.4037 736.71
53.2289 135.208 83.5866 739.232
52.072 136.547 83.7695 746.555
51.8285 136.972 83.9524 748.881
52.4654 136.522 84.1353 746.418
54.9353 134.24 84.3182 733.939
54.8043 134.553 84.5011 735.655
52.8365 136.696 84.684 747.367
52.725 136.995 84.8669 749.005
55.202 134.708 85.0498 736.498
55.3983 134.7 85.2328 736.455
54.8281 135.444 85.4157 740.525
54.6309 135.826 85.5986 742.611
54.011 136.629 85.7815 747.001
53.9781 136.84 85.9644 748.157
53.9342 137.067 86.1473 749.397
55.0093 136.18 86.3302 744.548
54.5358 136.837 86.5131 748.139
54.3267 137.223 86.696 750.251
55.2678 136.473 86.8789 746.152
55.7862 136.138 87.0618 744.321
56.7014 135.41 87.2447 740.34
56.334 135.963 87.4276 743.362
55.8171 136.659 87.6105 747.169
55.7252 136.935 87.7934 748.674
55.694 137.15 87.9763 749.85
55.5542 137.47 88.1592 751.603
56.1781 137.032 88.3421 749.207
56.308 137.087 88.525 749.509
56.0942 137.478 88.7079 751.646
56.558 137.204 88.8908 750.144
57.8038 136.142 89.0737 744.342
56.4391 137.685 89.2566 752.774
59.1752 135.139 89.4395 738.858
58.8775 135.621 89.6224 741.493
60.5359 134.153 89.8053 733.464
60.3053 134.559 89.9882 735.684
61.251 133.801 90.1711 731.542
60.23 135.008 90.354 738.138
59.4602 135.953 90.5369 743.307
59.8453 135.757 90.7198 742.233
60 135.784 90.9027 742.381
61.7521 134.219 91.0856 733.828
60.4577 135.693 91.2685 741.885
61.6644 134.672 91.4514 736.303
62.2071 134.317 91.6344 734.36
63.4645 133.24 91.8173 728.472
62.377 134.509 92.0002 735.414
62.4314 134.64 92.1831 736.13
64.0284 133.231 92.366 728.424
63.1902 134.25 92.5489 733.995
62.0066 135.614 92.7318 741.455
63.2148 134.592 92.9147 735.864
63.6075 134.38 93.0976 734.709
63.5964 134.568 93.2805 735.736
64.7176 133.641 93.4634 730.669
64.622 133.922 93.6463 732.202
64.5128 134.21 93.8292 733.775
63.5116 135.394 94.0121 740.25
63.3295 135.757 94.195 742.235
63.147 136.128 94.3779 744.264
62.8528 136.602 94.5608 746.853
63.3315 136.309 94.7437 745.255
63.8767 135.943 94.9266 743.253
64.243 135.761 95.1095 742.258
64.8019 135.385 95.2924 740.201
64.3381 136.038 95.4753 743.773
63.7982 136.756 95.6582 747.698
63.9524 136.78 95.8411 747.83
65.0076 135.919 96.024 743.121
64.8783 136.228 96.2069 744.812
63.7173 137.568 96.3898 752.134
65.0123 136.463 96.5727 746.093
65.5411 136.118 96.7556 744.212
66.4171 135.433 96.9385 740.463
64.3255 137.699 97.1214 752.851
64.1469 138.058 97.3043 754.815
66.1088 136.284 97.4872 745.115
65.3056 137.268 97.6701 750.499
66.4547 136.311 97.8531 745.264
65.0699 137.872 98.036 753.799
66.9782 136.151 98.2189 744.388
67.7222 135.592 98.4018 741.331
66.7219 136.776 98.5847 747.809
67.3071 136.371 98.7676 745.594
66.6303 137.23 98.9505 750.291
65.9885 138.056 99.1334 754.805
66.7972 137.428 99.3163 751.372
69.4666 134.952 99.4992 737.836
67.0818 137.512 99.6821 751.831
67.5192 137.262 99.865 750.466
68.379 136.585 100.048 746.76
68.6495 136.5 100.231 746.296
67.897 137.436 100.414 751.414
69.1089 136.406 100.597 745.786
69.0386 136.658 100.779 747.161
68.9817 136.898 100.962 748.476
70.6424 135.425 101.145 740.421
70.9764 135.281 101.328 739.635
68.738 137.697 101.511 752.845
68.0724 138.537 101.694 757.437
69.3421 137.457 101.877 751.529
71.2785 135.708 102.06 741.97
69.803 137.361 102.243 751.003
70.696 136.655 102.426 747.143
69.6389 137.891 102.609 753.905
70.4315 137.283 102.791 750.577
72.3614 135.544 102.974 741.071
72.383 135.709 103.157 741.97
72.4196 135.855 103.34 742.773
72.2823 136.168 103.523 744.481
72.5782 136.061 103.706 743.897
74.7762 134.05 103.889 732.901
72.7057 136.297 104.072 745.189
72.1583 137.031 104.255 749.2
73.7741 135.599 104.438 741.371
72.6051 136.951 104.62 748.764
70.9783 138.756 104.803 758.63
73.3411 136.581 104.986 746.74
73.8388 136.271 105.169 745.046
73.1434 137.144 105.352 749.819
74.9927 135.488 105.535 740.762
75.419 135.24 105.718 739.409
75.8598 134.989 105.901 738.036
75.7072 135.321 106.084 739.853
75.0969 136.111 106.267 744.168
75.386 136.004 106.449 743.586
76.5535 135.021 106.632 738.211
77.842 133.923 106.815 732.206
77.6136 134.338 106.998 734.478
78.6095 133.521 107.181 730.012
77.0716 135.24 107.364 739.407
77.7924 134.705 107.547 736.483
79.3266 133.361 107.73 729.133
78.1048 134.762 107.913 736.797
77.5904 135.459 108.096 740.609
78.8904 134.341 108.279 734.492
79.2406 134.174 108.461 733.583
79.4555 134.148 108.644 733.44
78.3156 135.463 108.827 740.626
78.6863 135.279 109.01 739.621
76.3103 137.838 109.193 753.612
76.0117 138.317 109.376 756.234
79.2615 135.261 109.559 739.523
79.3174 135.385 109.742 740.201
77.7079 137.174 109.925 749.98
77.7807 137.282 110.108 750.574
78.29 136.959 110.29 748.808
75.4046 140.018 110.473 765.533
78.3223 137.292 110.656 750.629
77.4104 138.385 110.839 756.605
76.8053 139.172 111.022 760.906
78.6045 137.559 111.205 752.087
79.3151 137.034 111.388 749.219
79.713 136.815 111.571 748.022
79.0614 137.658 111.754 752.627
79.245 137.659 111.937 752.632
80.9823 136.101 112.119 744.118
80.6803 136.59 112.302 746.788
80.4063 137.045 112.485 749.275
79.4387 138.192 112.668 755.549
80.264 137.555 112.851 752.068
80.0849 137.917 113.034 754.045
80.877 137.309 113.217 750.721
79.3417 139.025 113.4 760.102
79.6228 138.926 113.583 759.562
79.7784 138.954 113.766 759.713
79.1529 139.763 113.949 764.136
79.3331 139.763 114.131 764.137
80.156 139.125 114.314 760.648
81.6545 137.818 114.497 753.505
82.8401 136.814 114.68 748.013
82.0042 137.834 114.863 753.588
81.7024 138.314 115.046 756.217
81.6724 138.523 115.229 757.36
82.7662 137.622 115.412 752.434
83.978 136.598 115.595 746.834
83.8407 136.919 115.778 748.587
81.7175 139.22 115.96 761.167
80.6477 140.468 116.143 767.99
82.7896 138.515 116.326 757.313
83.2213 138.268 116.509 755.965
83.7302 137.947 116.692 754.207
84.5431 137.315 116.875 750.753
84.7428 137.298 117.058 750.663
82.9893 139.23 117.241 761.222
83.1366 139.273 117.424 761.456
84.6312 137.96 117.607 754.28
84.4223 138.349 117.789 756.406
84.8684 138.09 117.972 754.989
85.6048 137.539 118.155 751.978
85.9291 137.399 118.338 751.213
86.5541 136.954 118.521 748.778
85.9238 137.772 118.704 753.253
83.8636 140.008 118.887 765.478
83.1608 140.892 119.07 770.312
83.9565 140.289 119.253 767.014
84.1279 140.296 119.436 767.053
84.1493 140.456 119.618 767.925
84.9603 139.828 119.801 764.49
84.7977 140.176 119.984 766.395
86.0032 139.157 120.167 760.826
85.1613 140.177 120.35 766.402
86.2907 139.236 120.533 761.254
87.6295 138.085 120.716 754.966
87.4687 138.426 120.899 756.83
88.1322 137.951 121.082 754.23
85.7445 140.515 121.265 768.249
85.4729 140.97 121.448 770.737
85.0838 141.542 121.63 773.862
85.2938 141.516 121.813 773.723
87.871 139.128 121.996 760.667
88.1366 139.041 122.179 760.191
88.5456 138.819 122.362 758.979
90.2563 137.291 122.545 750.623
90.9385 136.796 122.728 747.914
90.7712 137.148 122.911 749.84
89.5119 138.589 123.094 757.72
88.4512 139.829 123.277 764.498
90.2321 138.236 123.459 755.789
88.7017 139.949 123.642 765.157
89.5856 139.244 123.825 761.3
90.0051 139.009 124.008 760.014
88.5251 140.67 124.191 769.096
90.0137 139.369 124.374 761.985
88.9919 140.572 124.557 768.563
90.6687 139.083 124.74 760.421
90.2202 139.712 124.923 763.857
90.0872 140.027 125.106 765.582
90.327 139.974 125.288 765.292
92.5991 137.89 125.471 753.898
89.3831 141.281 125.654 772.439
90.6473 140.202 125.837 766.539
90.7043 140.33 126.02 767.238
92.4189 138.806 126.203 758.903
92.333 139.078 126.386 760.394
94.0098 137.583 126.569 752.218
93.0874 138.685 126.752 758.243
93.0467 138.912 126.935 759.484
93.6384 138.505 127.118 757.26
92.5054 139.818 127.3 764.439
94.9086 137.603 127.483 752.327
92.0303 140.652 127.666 769
94.0047 138.866 127.849 759.231
98.0751 134.991 128.032 738.048
95.4827 137.759 128.215 753.181
94.3292 139.093 128.398 760.473
94.5753 139.034 128.581 760.15
96.1432 137.653 128.764 752.6
96.0649 137.909 128.947 754.002
96.0184 138.142 129.129 755.274
97.6244 136.724 129.312 747.523
96.5688 137.962 129.495 754.289
97.2146 137.498 129.678 751.757
97.2912 137.609 129.861 752.363
95.0036 140.073 130.044 765.833
98.3822 136.885 130.227 748.402
98.84 136.611 130.41 746.905
98.2656 137.366 130.593 751.035
99.0446 136.771 130.776 747.777
98.6677 137.331 130.958 750.84
98.1782 137.999 131.141 754.492
98.9829 137.386 131.324 751.141
97.7417 138.8 131.507 758.872
97.9204 138.806 131.69 758.908
98.8735 138.045 131.873 754.746
99.8452 137.256 132.056 750.432
100.421 136.866 132.239 748.299
101.438 136.03 132.422 743.727
101.046 136.605 132.605 746.871
102.474 135.367 132.788 740.103
100.562 137.453 132.97 751.506
101.33 136.872 133.153 748.329
101.979 136.409 133.336 745.801
102.113 136.457 133.519 746.06
102.319 136.43 133.702 745.917
101.27 137.667 133.885 752.676
102.156 136.963 134.068 748.827
102.523 136.779 134.251 747.824
102.872 136.622 134.434 746.967
101.721 137.951 134.617 754.228
103.852 136.006 134.799 743.598
103.784 136.262 134.982 744.999
102.611 137.612 135.165 752.375
103.571 136.838 135.348 748.144
102.498 138.093 135.531 755.008
101.756 139.019 135.714 760.069
104.323 136.637 135.897 747.048
105.403 135.741 136.08 742.148
105.665 135.664 136.263 741.728
107.006 134.512 136.446 735.427
106.078 135.622 136.628 741.498
105.376 136.502 136.811 746.308
105.899 136.164 136.994 744.458
107.303 134.947 137.177 737.808
108.478 133.954 137.36 732.378
105.685 136.926 137.543 748.624
107.753 135.047 137.726 738.351
107.659 135.325 137.909 739.873
107.71 135.453 138.092 740.572
107.101 136.247 138.275 744.913
107.458 136.075 138.457 743.972
108.634 135.08 138.64 738.532
108.494 135.409 138.823 740.333
108.985 135.099 139.006 738.641
109.178 135.089 139.189 738.584
111.953 132.509 139.372 724.476
110.864 133.777 139.555 731.408
109.279 135.542 139.738 741.057
108.82 136.18 139.921 744.548
108.437 136.743 140.104 747.626
110.027 135.344 140.287 739.978
110.062 135.49 140.469 740.777
109.208 136.525 140.652 746.436
111.427 134.499 140.835 735.357
109.702 136.402 141.018 745.76
111.348 134.943 141.201 737.787
111.038 135.434 141.384 740.468
112.232 134.428 141.567 734.969
111.739 135.102 141.75 738.655
110.824 136.198 141.933 744.646
111.998 135.208 142.116 739.234
110.168 137.218 142.298 750.225
109.762 137.809 142.481 753.452
111.744 136.009 142.664 743.611
112.217 135.723 142.847 742.052
110.778 137.345 143.03 750.917
112.113 136.192 143.213 744.616
111.127 137.359 143.396 750.996
112.564 136.113 143.579 744.18
113.104 135.756 143.762 742.232
111.446 137.593 143.945 752.274
112.221 136.999 144.127 749.023
111.302 138.103 144.31 755.061
109.886 139.701 144.493 763.8
110.991 138.783 144.676 758.78
109.422 140.527 144.859 768.313
112.201 137.937 145.042 754.155
109.928 140.39 145.225 767.567
113.526 136.988 145.408 748.967
111.464 139.225 145.591 761.196
113.186 137.69 145.774 752.802
115.167 135.899 145.957 743.011
114.911 136.333 146.139 745.384
114.57 136.856 146.322 748.241
115.022 136.587 146.505 746.775
115.537 136.263 146.688 745.004
116.11 135.867 146.871 742.837
115.603 136.561 147.054 746.632
117.879 134.478 147.237 735.24
115.725 136.808 147.42 747.982
116.105 136.609 147.603 746.896
118.08 134.82 147.786 737.114
116.61 136.473 147.968 746.152
117.086 136.179 148.151 744.541
116.267 137.178 148.334 750.003
116.577 137.056 148.517 749.335
118.448 135.365 148.7 740.094
119.666 134.339 148.883 734.481
120.065 134.124 149.066 733.305
120.401 133.974 149.249 732.489
120.781 133.772 149.432 731.383
119.912 134.826 149.615 737.147
121.583 133.338 149.797 729.012
121.387 133.716 149.98 731.075
119.811 135.477 150.163 740.706
120.711 134.76 150.346 736.786
119.638 136.024 150.529 743.694
120.887 134.951 150.712 737.826
121.394 134.631 150.895 736.078
121.945 134.258 151.078 734.039
121.827 134.561 151.261 735.696
122.192 134.378 151.444 734.694
122.897 133.862 151.627 731.875
123.195 133.747 151.809 731.244
122.09 135.036 151.992 738.291
123.086 134.224 152.175 733.856
120.671 136.816 152.358 748.027
122.847 134.828 152.541 737.158
122.391 135.467 152.724 740.65
123.511 134.531 152.907 735.533
120.813 137.407 153.09 751.258
120.514 137.892 153.273 753.908
124.33 134.266 153.456 734.086
121.145 137.63 153.638 752.473
121.947 137.013 153.821 749.101
122.805 136.344 154.004 745.447
123.909 135.414 154.187 740.36
122.788 136.717 154.37 747.481
123.119 136.578 154.553 746.722
123.515 136.364 154.736 745.556
123.605 136.458 154.919 746.069
121.874 138.365 155.102 756.496
125.884 134.551 155.285 735.639
124.471 136.136 155.467 744.305
125.754 135.042 155.65 738.327
124.113 136.866 155.833 748.301
124.512 136.645 156.016 747.088
126.289 135.055 156.199 738.398
124.255 137.272 156.382 750.519
122.888 138.82 156.565 758.979
125.411 136.483 156.748 746.204
123.561 138.52 156.931 757.339
126.918 135.345 157.114 739.981
125.365 137.081 157.296 749.473
124.829 137.796 157.479 753.386
125.161 137.654 157.662 752.608
127.817 135.185 157.845 739.111
123.943 139.235 158.028 761.251
125.057 138.302 158.211 756.152
126.417 137.134 158.394 749.764
124.875 138.85 158.577 759.145
126.165 137.746 158.76 753.108
126.715 137.385 158.943 751.138
127.272 137.013 159.126 749.103
127.074 137.392 159.308 751.173
127.648 137.003 159.491 749.046
126.303 138.532 159.674 757.407
126.272 138.738 159.857 758.535
125.833 139.362 160.04 761.944
126.203 139.18 160.223 760.949
127.71 137.857 160.406 753.719
129.039 136.719 160.589 747.495
128.329 137.601 160.772 752.32
128.724 137.4 160.955 751.22
129.278 137.029 161.137 749.188
125.838 140.64 161.32 768.934
130.766 135.908 161.503 743.061
128.747 138.104 161.686 755.069
128.761 138.264 161.869 755.944
129.448 137.774 162.052 753.262
129.408 137.998 162.235 754.486
129.586 138.003 162.418 754.514
130.159 137.613 162.601 752.385
129.462 138.487 162.784 757.16
128.688 139.443 162.966 762.386
128.592 139.728 163.149 763.948
128.102 140.394 163.332 767.586
129.411 139.278 163.515 761.488
127.943 140.92 163.698 770.464
128.509 140.542 163.881 768.398
130.272 138.966 164.064 759.779
130.095 139.323 164.247 761.73
129.002 140.597 164.43 768.698
130.247 139.538 164.613 762.907
129.688 140.277 164.796 766.95
130.511 139.645 164.978 763.495
130.936 139.407 165.161 762.194
129.902 140.612 165.344 768.779
130.703 140.004 165.527 765.455
130.269 140.621 165.71 768.827
129.025 142.043 165.893 776.603
130.039 141.216 166.076 772.079
132.119 139.32 166.259 761.717
132.271 139.355 166.442 761.905
132.324 139.48 166.625 762.589
131.391 140.599 166.807 768.711
131.122 141.049 166.99 771.17
131.287 141.07 167.173 771.283
132.819 139.723 167.356 763.917
132.808 139.915 167.539 764.97
130.533 142.367 167.722 778.372
133.065 140.028 167.905 765.588
134.141 139.142 168.088 760.741
132.522 140.933 168.271 770.535
132.682 140.958 168.454 770.671
131.059 142.763 168.636 780.538
133.375 140.634 168.819 768.9
134.827 139.366 169.002 761.966
133.122 141.252 169.185 772.28
135.779 138.785 169.368 758.788
134.374 140.372 169.551 767.465
133.683 141.244 169.734 772.237
132.849 142.255 169.917 777.763
133.842 141.446 170.1 773.341
134.312 141.165 170.283 771.804
134.171 141.489 170.466 773.576
135.28 140.568 170.648 768.537
133.484 142.541 170.831 779.327
135.043 141.164 171.014 771.799
134.777 141.614 171.197 774.257
134.692 141.883 171.38 775.73
133.624 143.135 171.563 782.575
135.687 141.26 171.746 772.324
136.33 140.799 171.929 769.803
137 140.317 172.112 767.169
135.581 141.916 172.295 775.912
134.743 142.936 172.477 781.488
136.006 141.858 172.66 775.593
136.931 141.121 172.843 771.563
137.544 140.689 173.026 769.2
133.951 144.461 173.209 789.823
136.466 142.135 173.392 777.106
136.698 142.085 173.575 776.833
135.757 143.205 173.758 782.958
136.137 143.005 173.941 781.863
137.689 141.642 174.124 774.413
137.527 141.989 174.306 776.308
139.117 140.583 174.489 768.622
138.779 141.108 174.672 771.489
137.759 142.311 174.855 778.067
136.282 143.96 175.038 787.087
136.821 143.61 175.221 785.172
137.739 142.873 175.404 781.141
137.776 143.023 175.587 781.963
137.348 143.634 175.77 785.302
137.603 143.562 175.953 784.91
140.62 140.733 176.135 769.442
138.226 143.307 176.318 783.515
137.964 143.752 176.501 785.949
137.086 144.816 176.684 791.763
137.671 144.412 176.867 789.554
138.094 144.17 177.05 788.233
138.607 143.847 177.233 786.469
140.021 142.616 177.416 779.735
137.622 145.185 177.599 793.779
139.674 143.326 177.782 783.616
139.361 143.827 177.965 786.357
138.038 145.321 178.147 794.524
139.043 144.508 178.33 790.081
139.319 144.418 178.513 789.591
139.776 144.142 178.696 788.08
140.198 143.907 178.879 786.792
139.301 144.98 179.062 792.663
140.053 144.417 179.245 789.583
139.816 144.83 179.428 791.843
141.313 143.533 179.611 784.751
139.669 145.355 179.794 794.71
141.921 143.284 179.976 783.387
141.36 144.03 180.159 787.466
141.506 144.073 180.342 787.702
140.118 145.633 180.525 796.233
140.154 145.777 180.708 797.017
140.53 145.59 180.891 795.994
141.845 144.458 181.074 789.806
141.547 144.947 181.257 792.481
139.799 146.87 181.44 802.993
