#E_pot E_kin E_opt Temperature
-51685.3 1346.4 0 582.399
16.7615 1409.93 4.62363 609.88
44.9112 1389.17 9.24726 600.9
58.8166 1381.5 13.8709 597.584
37.1405 1405.32 18.4945 607.885
52.0409 1396.38 23.1182 604.018
53.0279 1399.87 27.7418 605.529
62.0376 1396.25 32.3654 603.965
53.5062 1408.55 36.989 609.282
59.7681 1406.92 41.6127 608.579
76.8448 1396.06 46.2363 603.879
55.0363 1420.44 50.8599 614.425
72.341 1409.3 55.4836 609.606
79.1461 1407.66 60.1072 608.897
66.3951 1423.65 64.7308 615.817
80.9949 1415.04 69.3545 612.089
85.7747 1414.87 73.9781 612.018
75.3208 1429.12 78.6017 618.181
87.8939 1422.32 83.2253 615.239
91.8252 1423.15 87.849 615.6
86.933 1431.94 92.4726 619.401
95.19 1428.89 97.0962 618.081
101.681 1427.34 101.72 617.411
94.818 1438.31 106.343 622.156
105.906 1432.39 110.967 619.595
109.725 1433.55 115.591 620.096
104.563 1442.67 120.214 624.04
109.407 1442.81 124.838 624.103
116.54 1440.55 129.462 623.124
112.961 1448.42 134.085 626.528
117.602 1448.44 138.709 626.538
124.758 1446.47 143.333 625.685
123.492 1452.28 147.956 628.198
121.788 1458.39 152.58 630.842
132.13 1453.32 157.203 628.648
133.817 1456.17 161.827 629.884
131.301 1462.88 166.451 632.784
142.961 1456.75 171.074 630.135
140.957 1463.11 175.698 632.883
140.722 1467.8 180.322 634.911
147.255 1466.47 184.945 634.339
147.096 1471.12 189.569 636.347
148.291 1474.67 194.192 637.885
155.707 1472.24 198.816 636.835
153.127 1479.26 203.44 639.87
157.247 1479.85 208.063 640.124
163.589 1478.46 212.687 639.522
162.793 1483.65 217.311 641.769
165.256 1485.87 221.934 642.728
168.198 1487.74 226.558 643.54
171.278 1489.14 231.182 644.145
177.934 1487.42 235.805 643.4
176.715 1493.18 240.429 645.892
180.613 1494.02 245.052 646.252
186.811 1492.88 249.676 645.763
186.262 1497.56 254.3 647.787
190.582 1498.43 258.923 648.16
189.6 1503.81 263.547 650.487
193.468 1504.48 268.171 650.78
198.006 1505.06 272.794 651.031
197.863 1509.66 277.418 653.018
201.845 1510.47 282.041 653.368
205.116 1511.86 286.665 653.969
207.314 1514.13 291.289 654.955
212.812 1513.65 295.912 654.745
210.955 1519.91 300.536 657.453
216.534 1519.24 305.16 657.162
224.338 1516.49 309.783 655.972
217.35 1527.43 314.407 660.705
226.519 1523.6 319.03 659.049
227.272 1527.29 323.654 660.643
226.592 1532.35 328.278 662.834
236.401 1527.94 332.901 660.925
234.566 1534 337.525 663.547
239.517 1533.99 342.149 663.545
242.939 1535.14 346.772 664.042
243.339 1539.6 351.396 665.971
247.749 1539.92 356.02 666.11
250.1 1542.12 360.643 667.059
257.452 1539.93 365.267 666.114
258.326 1543.4 369.89 667.612
255.261 1550.88 374.514 670.848
263.013 1548.46 379.138 669.803
259.138 1556.23 383.761 673.164
265.629 1554.97 388.385 672.617
269.553 1555.82 393.009 672.988
265.095 1564.35 397.632 676.677
281.669 1553.62 402.256 672.034
272.16 1566.97 406.879 677.81
283.445 1560.97 411.503 675.215
287.829 1561.33 416.127 675.37
282.299 1570.83 420.75 679.478
295.119 1563.52 425.374 676.319
290.613 1572.23 429.998 680.084
294.304 1573.27 434.621 680.536
301.452 1571.29 439.245 679.678
297.653 1579.38 443.868 683.178
303.821 1578.02 448.492 682.591
307.702 1578.99 453.116 683.007
310.089 1580.97 457.739 683.867
308.91 1586.71 462.363 686.35
320.42 1580.39 466.987 683.613
316.773 1588.28 471.61 687.029
321.976 1588.05 476.234 686.929
324.958 1589.71 480.858 687.645
324.347 1595.06 485.481 689.959
328.25 1595.63 490.105 690.209
333.846 1595.18 494.728 690.011
327.153 1605.95 499.352 694.672
336.225 1601.98 503.976 692.953
340.6 1602.26 508.599 693.075
341.666 1605.73 513.223 694.575
351.759 1600.6 517.847 692.358
346.724 1609.82 522.47 696.346
350.607 1611.08 527.094 696.89
355.084 1611.09 531.717 696.895
356.889 1613.69 536.341 698.017
359.349 1616.23 540.965 699.119
364.077 1616.25 545.588 699.127
364.958 1620.03 550.212 700.76
367.983 1621.83 554.836 701.54
372.367 1622.39 559.459 701.78
368.665 1630.21 564.083 705.164
380.387 1623.74 568.707 702.364
383.095 1625.68 573.33 703.207
376.773 1635.82 577.954 707.591
388.286 1629.79 582.577 704.982
390.765 1631.81 587.201 705.856
387.794 1639.12 591.825 709.018
397.867 1634.27 596.448 706.921
398.154 1638.53 601.072 708.763
399.743 1641.47 605.696 710.037
403.355 1642.61 610.319 710.528
403.702 1646.86 614.943 712.366
407.998 1647.5 619.566 712.643
411.147 1648.87 624.19 713.235
416.609 1648.57 628.814 713.106
414.961 1654.46 633.437 715.653
418.827 1655.08 638.061 715.921
429.086 1650.05 642.685 713.745
426.031 1657.29 647.308 716.879
428.766 1659.26 651.932 717.732
435.75 1657.16 656.555 716.824
436.015 1661.49 661.179 718.695
437.177 1664.94 665.803 720.187
444.827 1662.33 670.426 719.058
439.147 1671.97 675.05 723.227
448.082 1668.22 679.674 721.605
454.598 1666.61 684.297 720.909
452.237 1673.28 688.921 723.793
455.347 1674.85 693.545 724.474
460.154 1674.98 698.168 724.528
463.473 1676.13 702.792 725.026
463.216 1681.23 707.415 727.233
470.416 1678.97 712.039 726.258
472.684 1680.79 716.663 727.041
474.849 1683.36 721.286 728.155
478.867 1684.18 725.91 728.509
477.949 1689.53 730.534 730.826
485.511 1687.03 735.157 729.743
486.091 1691.11 739.781 731.506
490.358 1691.43 744.404 731.646
494.209 1692.44 749.028 732.082
495.243 1695.8 753.652 733.537
504.956 1691.26 758.275 731.571
501.042 1699.44 762.899 735.109
503.781 1701.56 767.523 736.026
512.355 1698.11 772.146 734.536
504.66 1709.78 776.77 739.585
514.922 1704.5 781.393 737.301
519.689 1704.78 786.017 737.422
514.383 1714.3 790.641 741.54
522.414 1711.28 795.264 740.234
533.141 1705.88 799.888 737.894
522.797 1719.61 804.512 743.834
533.245 1714.89 809.135 741.793
534.166 1718.36 813.759 743.296
533.771 1723.11 818.383 745.35
548.84 1713.56 823.006 741.217
538.746 1727.65 827.63 747.315
547.115 1724.21 832.253 745.824
551.273 1724.75 836.877 746.06
551.792 1728.74 841.501 747.786
560.417 1724.97 846.124 746.152
555.475 1734.35 850.748 750.21
558.523 1736.07 855.372 750.957
565.615 1734 859.995 750.06
566.064 1738.06 864.619 751.816
567.062 1741.61 869.242 753.353
577.086 1736.68 873.866 751.218
569.221 1748.74 878.49 756.436
578.884 1743.88 883.113 754.333
588.323 1739.5 887.737 752.44
579.006 1752.53 892.361 758.074
592.699 1744.43 896.984 754.572
590.033 1751.5 901.608 757.632
591.852 1754.21 906.232 758.8
596.541 1754.47 910.855 758.916
604.775 1751.19 915.479 757.496
597.191 1763.06 920.102 762.628
608.822 1756.72 924.726 759.889
609.679 1760.57 929.35 761.553
611.614 1763 933.973 762.605
612.596 1766.55 938.597 764.139
616.385 1767.88 943.221 764.715
615.556 1772.99 947.844 766.924
616.931 1776.43 952.468 768.415
624.215 1774.22 957.091 767.456
617.058 1785.26 961.715 772.234
628.952 1778.74 966.339 769.413
627.731 1784.24 970.962 771.791
627.811 1788.61 975.586 773.684
642.307 1779.85 980.21 769.893
633.174 1792.65 984.833 775.431
649.26 1781.77 989.457 770.724
650.274 1785.3 994.08 772.25
644.283 1795.6 998.704 776.707
655.365 1789.85 1003.33 774.217
656.697 1792.94 1007.95 775.553
661.007 1793.43 1012.58 775.767
659.975 1799.3 1017.2 778.305
664.087 1799.88 1021.82 778.557
668.871 1799.72 1026.45 778.489
671.907 1801.34 1031.07 779.187
675.255 1802.54 1035.69 779.708
678.396 1804.49 1040.32 780.552
682.849 1804.33 1044.94 780.484
680.734 1811.44 1049.56 783.555
686.775 1810.26 1054.19 783.045
683.617 1817.54 1058.81 786.195
699.519 1807.19 1063.43 781.717
694.365 1816.55 1068.06 785.767
693.791 1821.65 1072.68 787.973
703.849 1816.89 1077.31 785.914
700.142 1824.44 1081.93 789.182
710.913 1819.09 1086.55 786.866
707.586 1826.48 1091.18 790.062
716.775 1822.51 1095.8 788.345
716.742 1826.91 1100.42 790.247
725.557 1823.03 1105.05 788.573
715.959 1836.92 1109.67 794.581
722.005 1835.75 1114.29 794.074
732.995 1829.95 1118.92 791.565
723.354 1843.28 1123.54 797.331
741.073 1831.23 1128.17 792.119
737.261 1839.33 1132.79 795.621
739.27 1841.88 1137.41 796.724
752.293 1833.86 1142.04 793.256
752.052 1838.47 1146.66 795.25
751.314 1844.15 1151.28 797.706
766.199 1834.16 1155.91 793.385
755.543 1848.86 1160.53 799.744
766.409 1843.41 1165.15 797.387
765.819 1848.26 1169.78 799.483
770.324 1848.69 1174.4 799.672
782.073 1841.88 1179.03 796.727
777.876 1850.53 1183.65 800.468
782.001 1850.87 1188.27 800.615
791.645 1846.52 1192.9 798.731
786.275 1855.9 1197.52 802.788
797.025 1850.36 1202.14 800.393
797.834 1854.14 1206.77 802.026
799.776 1856.8 1211.39 803.179
805.512 1855.81 1216.01 802.752
809.11 1857.05 1220.64 803.285
816.293 1854.61 1225.26 802.229
812.631 1862.38 1229.89 805.593
826.852 1853.62 1234.51 801.801
821.354 1863.22 1239.13 805.955
826.686 1862.75 1243.76 805.751
830.832 1863.36 1248.38 806.017
828.701 1869.84 1253 808.821
838.567 1864.76 1257.63 806.623
843.212 1865.06 1262.25 806.753
841.614 1870.81 1266.87 809.239
845.297 1872.34 1271.5 809.9
850.396 1871.79 1276.12 809.663
854.864 1871.94 1280.75 809.729
860.44 1870.93 1285.37 809.289
862.401 1873.83 1289.99 810.546
860.109 1880.69 1294.62 813.511
866.924 1878.44 1299.24 812.541
875.636 1875 1303.86 811.049
872.806 1881.86 1308.49 814.018
878.789 1880.85 1313.11 813.582
886.336 1878.3 1317.73 812.479
891.899 1877.11 1322.36 811.964
891.39 1882.35 1326.98 814.229
895.225 1883.46 1331.61 814.708
896.323 1886.81 1336.23 816.161
904.66 1883.14 1340.85 814.574
910.169 1882.45 1345.48 814.275
915.695 1881.43 1350.1 813.834
919.461 1882.44 1354.72 814.27
917.097 1889.24 1359.35 817.209
927.345 1884.56 1363.97 815.187
922.88 1893.03 1368.59 818.851
935.987 1885.12 1373.22 815.427
930.484 1894.82 1377.84 819.623
939.024 1891.38 1382.47 818.135
945.185 1890.46 1387.09 817.74
934.838 1904.55 1391.71 823.833
950.136 1894.79 1396.34 819.612
956.604 1892.86 1400.96 818.777
954.332 1899.91 1405.58 821.828
958.539 1900.26 1410.21 821.975
956.205 1907.01 1414.83 824.896
966.966 1901.55 1419.45 822.536
966.493 1906.34 1424.08 824.606
967.891 1909.61 1428.7 826.02
978.339 1904.12 1433.33 823.647
981.015 1906.38 1437.95 824.623
981.58 1910.47 1442.57 826.395
985.19 1911.15 1447.2 826.686
995.673 1906.02 1451.82 824.471
986.314 1919.21 1456.44 830.174
1009.17 1901.74 1461.07 822.618
1003.55 1911.8 1465.69 826.969
1017.38 1902.62 1470.31 823
1013.68 1911.26 1474.94 826.736
1010.46 1918.57 1479.56 829.898
1024.02 1910.59 1484.19 826.445
1030.18 1909.02 1488.81 825.766
1017.98 1925.17 1493.43 832.752
1039.97 1909.05 1498.06 825.778
1025.18 1927.48 1502.68 833.751
1034.32 1923.29 1507.3 831.938
1035.24 1926.78 1511.93 833.45
1034.12 1932.37 1516.55 835.868
1043.22 1928.17 1521.17 834.049
1048.29 1927.7 1525.8 833.846
1048.41 1932.33 1530.42 835.848
1055.25 1930.25 1535.05 834.948
1064.12 1926.21 1539.67 833.202
1067.1 1927.73 1544.29 833.859
1078.44 1921.45 1548.92 831.144
1075.8 1928.37 1553.54 834.137
1086.19 1922.74 1558.16 831.699
1095.32 1918.32 1562.79 829.789
1096.5 1921.65 1567.41 831.231
1104.1 1919.06 1572.03 830.111
1101.52 1926.02 1576.66 833.118
1105.76 1926.79 1581.28 833.454
1109.32 1927.99 1585.91 833.974
1119.08 1922.8 1590.53 831.728
1130.22 1916.44 1595.15 828.977
1130.15 1920.89 1599.78 830.903
1140.89 1915.33 1604.4 828.498
1144.84 1915.91 1609.02 828.747
1147.07 1918.28 1613.65 829.772
1153.6 1916.7 1618.27 829.088
1154.84 1920.02 1622.89 830.525
1158.84 1920.82 1627.52 830.872
1158.59 1925.69 1632.14 832.976
1156.08 1932.97 1636.77 836.127
1156.48 1936.97 1641.39 837.856
1158.71 1939.75 1646.01 839.06
1164 1938.97 1650.64 838.72
1167.47 1940.12 1655.26 839.219
1179.8 1932.86 1659.88 836.077
1183.78 1932.96 1664.51 836.12
1182.91 1938.65 1669.13 838.584
1197.16 1929.49 1673.75 834.621
1186.97 1943.11 1678.38 840.511
1212.78 1923.46 1683 832.012
1195.75 1943.87 1687.63 840.84
1207.04 1937.85 1692.25 838.236
1210.39 1939.44 1696.87 838.926
1209 1944.77 1701.5 841.229
1219.65 1939.24 1706.12 838.84
1228.52 1935.29 1710.74 837.129
1224.61 1943.41 1715.37 840.644
1241.48 1931.88 1719.99 835.657
1234.48 1943.32 1724.61 840.603
1240.08 1942.36 1729.24 840.19
1245.85 1941.53 1733.86 839.831
1248.99 1942.96 1738.48 840.447
1256.14 1940.78 1743.11 839.505
1253.32 1947.84 1747.73 842.561
1257.13 1948.99 1752.36 843.058
1259.45 1951.5 1756.98 844.14
1262.35 1953.15 1761.6 844.856
1261.62 1958.47 1766.23 847.155
1285.12 1940.2 1770.85 839.255
1265.84 1963.05 1775.47 849.138
1293.62 1941.08 1780.1 839.634
1281.05 1957.36 1784.72 846.676
1308.89 1935.26 1789.34 837.118
1299.99 1948.22 1793.97 842.725
1303.63 1949.21 1798.59 843.149
1315.12 1943.07 1803.22 840.496
1311.25 1951.12 1807.84 843.979
1315.18 1952.3 1812.46 844.49
1315.92 1955.9 1817.09 846.047
1318.14 1958.67 1821.71 847.245
1328.04 1953.51 1826.33 845.01
1328.91 1957.04 1830.96 846.538
1333.64 1957.38 1835.58 846.684
1337.76 1957.86 1840.2 846.894
1348.8 1951.71 1844.83 844.234
1343.21 1961.36 1849.45 848.407
1356.66 1953.19 1854.08 844.874
1347.13 1966.86 1858.7 850.787
1355.08 1964.39 1863.32 849.716
1349.63 1973.87 1867.95 853.818
1370.18 1958.49 1872.57 847.164
1371.16 1962.11 1877.19 848.73
1381.87 1955.95 1881.82 846.067
1388.82 1954.06 1886.44 845.249
1378.2 1968.87 1891.06 851.656
1391.91 1960.35 1895.69 847.969
1385.63 1970.72 1900.31 852.455
1398.04 1963.52 1904.94 849.341
1398.35 1967.64 1909.56 851.124
1404.29 1966.59 1914.18 850.667
1402.38 1972.8 1918.81 853.358
1416.53 1963.75 1923.43 849.441
1414.44 1970.58 1928.05 852.395
1411.62 1977.95 1932.68 855.585
1414.06 1980.17 1937.3 856.545
1424.94 1974.04 1941.92 853.892
1429.93 1973.9 1946.55 853.831
1429.59 1978.97 1951.17 856.026
1440.44 1973.02 1955.8 853.449
1438 1980.14 1960.42 856.531
1438.18 1984.3 1965.04 858.331
1451.29 1976.36 1969.67 854.895
1449.48 1982.96 1974.29 857.751
1455.71 1980.89 1978.91 856.855
1460.42 1981.2 1983.54 856.99
1468.51 1977.82 1988.16 855.527
1475.93 1975.23 1992.78 854.407
1481.88 1973.83 1997.41 853.799
1481.86 1978.45 2002.03 855.797
1486.04 1979.17 2006.66 856.112
1483.65 1986.08 2011.28 859.102
1501.69 1973.29 2015.9 853.565
1498.96 1980.13 2020.53 856.526
1509.95 1974.06 2025.15 853.9
1504.42 1984.07 2029.77 858.231
1514.38 1978.95 2034.4 856.016
1526.13 1972.02 2039.02 853.019
1521.43 1981.25 2043.64 857.009
1529.35 1978.53 2048.27 855.834
1538.02 1974.32 2052.89 854.012
1539.42 1977.69 2057.52 855.47
1541.48 1980.54 2062.14 856.703
1545.54 1980.82 2066.76 856.827
1557.32 1974.12 2071.39 853.928
1547.79 1987.92 2076.01 859.895
1567.71 1973.19 2080.63 853.526
1557.06 1987.82 2085.26 859.854
1574.4 1975.62 2089.88 854.576
1564.07 1990.31 2094.5 860.928
1578.24 1981.19 2099.13 856.983
1584.97 1978.99 2103.75 856.033
1591.08 1977.62 2108.38 855.44
1600.36 1973.38 2113 853.605
1598.87 1979.16 2117.62 856.108
1615.38 1967.61 2122.25 851.11
1605.31 1981.8 2126.87 857.248
1627.8 1964.97 2131.49 849.97
1626.17 1970.54 2136.12 852.378
1637.15 1964.81 2140.74 849.898
1636.74 1969.68 2145.36 852.008
1645.41 1966.03 2149.99 850.428
1640.85 1975 2154.61 854.306
1641.7 1978.76 2159.24 855.933
1655.81 1969.82 2163.86 852.068
1644.44 1985.49 2168.48 858.843
1664.54 1970.64 2173.11 852.422
1646.89 1992.03 2177.73 861.672
1669.61 1974.75 2182.35 854.2
1663.14 1985.34 2186.98 858.78
1683.77 1970.09 2191.6 852.182
1675.7 1982.39 2196.22 857.502
1685.07 1977.67 2200.85 855.462
1686.51 1981.05 2205.47 856.923
1685.74 1986.49 2210.1 859.276
1692.4 1984.41 2214.72 858.378
1694.54 1986.84 2219.34 859.43
1704.96 1981.36 2223.97 857.058
1711.07 1979.6 2228.59 856.296
1727.85 1968 2233.21 851.279
1727.32 1973.19 2237.84 853.525
1730 1974.91 2242.46 854.268
1745.04 1964.81 2247.08 849.901
1734.91 1979.31 2251.71 856.172
1743.77 1975.22 2256.33 854.404
1743.43 1980.41 2260.96 856.646
1759.33 1969.09 2265.58 851.75
1755 1978.12 2270.2 855.659
1763.78 1974.27 2274.83 853.991
1767.12 1975.52 2279.45 854.533
1778.39 1969.28 2284.07 851.832
1772.79 1979.11 2288.7 856.083
1777.32 1979.45 2293.32 856.23
1779.1 1982.69 2297.94 857.634
1785.73 1980.26 2302.57 856.583
1804.54 1967 2307.19 850.849
1792.93 1982.3 2311.82 857.466
1814.94 1966.02 2316.44 850.421
1800.89 1983.66 2321.06 858.052
1821.95 1967.93 2325.69 851.249
1826.99 1967.33 2330.31 850.991
1832.93 1966.05 2334.93 850.438
1834.82 1968.84 2339.56 851.643
1837.25 1971.17 2344.18 852.649
1841.68 1971.43 2348.8 852.762
1843.35 1974.76 2353.43 854.203
1840.02 1982.45 2358.05 857.528
1852.34 1975.25 2362.68 854.414
1862.82 1969.28 2367.3 851.832
1858.73 1977.98 2371.92 855.595
1868.03 1973.69 2376.55 853.741
1873.14 1972.99 2381.17 853.439
1877.89 1973.25 2385.79 853.549
1884.18 1971.47 2390.42 852.779
1891.21 1969.28 2395.04 851.831
1891.49 1973.62 2399.66 853.708
1905.12 1964.65 2404.29 849.829
1910.63 1964.14 2408.91 849.607
1906.73 1972.52 2413.53 853.236
1919.76 1964.34 2418.16 849.697
1913.4 1974.87 2422.78 854.252
1921.51 1971.84 2427.41 852.939
1915.31 1982.46 2432.03 857.534
1922.84 1979.88 2436.65 856.418
1937.26 1970.38 2441.28 852.307
1934.47 1977.69 2445.9 855.471
1948.1 1969.03 2450.52 851.724
1945.56 1975.97 2455.15 854.727
1958.97 1967.32 2459.77 850.986
1961.99 1969.12 2464.39 851.763
1967.36 1968.04 2469.02 851.295
1985.06 1955.69 2473.64 845.956
1975.65 1969.54 2478.27 851.947
1984.7 1965.55 2482.89 850.217
1985.16 1969.29 2487.51 851.836
1996.5 1962.75 2492.14 849.006
1993.65 1970.61 2496.76 852.409
1990.4 1978.17 2501.38 855.68
2005.29 1967.94 2506.01 851.253
2005.33 1972.5 2510.63 853.226
2010.55 1972.04 2515.25 853.028
2017.88 1969.67 2519.88 852.002
2015.85 1976.4 2524.5 854.912
2016.83 1980.01 2529.13 856.476
2023.48 1978.14 2533.75 855.664
2033.19 1973.03 2538.37 853.457
2043.96 1966.88 2543 850.795
2048.01 1968 2547.62 851.278
2041.74 1978.46 2552.24 855.805
2054.8 1970.1 2556.87 852.189
2051.89 1977.95 2561.49 855.583
2056.28 1978.2 2566.11 855.691
2070.07 1969.57 2570.74 851.959
2064.09 1979.78 2575.36 856.376
2075.38 1973.44 2579.99 853.634
2064.85 1988.39 2584.61 860.097
2079.81 1978.25 2589.23 855.714
2079.85 1982.97 2593.86 857.756
2093.29 1974.28 2598.48 853.997
2088.08 1983.98 2603.1 858.191
2091.18 1985.69 2607.73 858.931
2091.36 1990.02 2612.35 860.805
2103.52 1983.08 2616.97 857.801
2097.33 1993.57 2621.6 862.339
2109.84 1986 2626.22 859.064
2112.78 1987.69 2630.85 859.794
2122.43 1982.71 2635.47 857.642
2115.67 1993.94 2640.09 862.5
2128.05 1986.25 2644.72 859.171
2130.38 1988.63 2649.34 860.202
2127.68 1995.95 2653.96 863.368
2139.68 1988.71 2658.59 860.238
2152.12 1981.31 2663.21 857.035
2150.1 1987.35 2667.83 859.651
2152.51 1990.23 2672.46 860.896
2163.85 1983.5 2677.08 857.983
2166.71 1985.28 2681.71 858.754
2175.85 1980.95 2686.33 856.88
2171.58 1989.79 2690.95 860.703
2180 1986.21 2695.58 859.158
2180.84 1990.04 2700.2 860.811
2183.43 1992.36 2704.82 861.817
2189.72 1990.46 2709.45 860.994
2193.2 1991.84 2714.07 861.591
2199.43 1990.29 2718.69 860.921
2212.5 1982.14 2723.32 857.395
2219.21 1980.29 2727.94 856.593
2223.35 1980.57 2732.57 856.716
2226.52 1982.32 2737.19 857.475
2227.9 1985.21 2741.81 858.725
2229.83 1987.97 2746.44 859.916
2236.25 1986.24 2751.06 859.167
2251.21 1976.61 2755.68 855.003
2232.2 1999.44 2760.31 864.878
2258.22 1978.99 2764.93 856.031
2254.8 1986.83 2769.55 859.424
2260.72 1985.74 2774.18 858.952
2264.28 1986.68 2778.8 859.358
2271.07 1984.85 2783.43 858.569
2275.22 1985.21 2788.05 858.723
2277.45 1987.63 2792.67 859.772
2280.45 1989.7 2797.3 860.665
2288.3 1986.46 2801.92 859.262
2289.61 1989.57 2806.54 860.609
2292.28 1991.74 2811.17 861.547
2303.53 1985.16 2815.79 858.703
2303.48 1990.37 2820.41 860.956
2304.53 1993.41 2825.04 862.272
2315.43 1987.47 2829.66 859.702
2307.07 2000.35 2834.29 865.273
2311.31 2000.69 2838.91 865.421
2319.21 1998.01 2843.53 864.259
2320.13 2001.4 2848.16 865.728
2329.2 1997.74 2852.78 864.143
2327.51 2003.81 2857.4 866.768
2335.12 2000.87 2862.03 865.498
2332.63 2007.81 2866.65 868.499
2338.44 2006.9 2871.27 868.105
2338.83 2011.29 2875.9 870.005
2340.06 2014.31 2880.52 871.31
2350.71 2008.64 2885.15 868.859
2349.32 2014.62 2889.77 871.443
2357.62 2011.47 2894.39 870.084
2349.95 2023.24 2899.02 875.174
2357.87 2020.34 2903.64 873.919
2355.58 2027.05 2908.26 876.822
2369.52 2018.5 2912.89 873.124
2369.81 2022.53 2917.51 874.868
2371.38 2025.98 2922.13 876.361
2370.48 2031.42 2926.76 878.711
2379.3 2027.26 2931.38 876.911
2387.18 2024.35 2936.01 875.652
2383.88 2032.35 2940.63 879.116
2391.12 2029.93 2945.25 878.069
2386.21 2039.06 2949.88 882.016
2392.42 2038.01 2954.5 881.563
2392.49 2042.14 2959.12 883.348
2405.38 2034.19 2963.75 879.909
2407.01 2037.47 2968.37 881.33
2410.89 2037.81 2972.99 881.477
2418.56 2035.41 2977.62 880.436
2415.12 2043.58 2982.24 883.971
2410 2053.24 2986.87 888.152
2408.23 2059.72 2991.49 890.953
2420.92 2051.8 2996.11 887.528
2423.99 2053.47 3000.74 888.249
2427.57 2054.43 3005.36 888.666
2435.6 2051.07 3009.98 887.213
2430.61 2060.7 3014.61 891.378
2433.74 2062.24 3019.23 892.043
2455.42 2046.08 3023.85 885.054
2430.58 2074.95 3028.48 897.543
2457.86 2052.88 3033.1 887.994
2445.69 2069.35 3037.73 895.118
2452.97 2066.96 3042.35 894.085
2460.21 2064.47 3046.97 893.009
2450.3 2078.86 3051.6 899.234
2473.51 2060.86 3056.22 891.445
2458.59 2079.65 3060.84 899.575
2467.22 2076.25 3065.47 898.103
2472.85 2075.43 3070.09 897.748
2476.73 2076.18 3074.71 898.075
2478.36 2079.01 3079.34 899.299
2478.27 2083.72 3083.96 901.333
2482.51 2084 3088.58 901.454
2494.19 2077.47 3093.21 898.631
2490.55 2085.47 3097.83 902.094
2500.08 2080.59 3102.46 899.979
2492.24 2093.02 3107.08 905.36
2505.94 2084.21 3111.7 901.547
2501.17 2093.47 3116.33 905.553
2506.51 2092.95 3120.95 905.327
2510.43 2093.88 3125.57 905.728
2514.83 2094.26 3130.2 905.894
2514.61 2098.93 3134.82 907.916
2524.85 2093.8 3139.44 905.696
2519.37 2103.65 3144.07 909.956
2525.43 2102.49 3148.69 909.452
2517.13 2115.05 3153.32 914.886
2534.01 2103.37 3157.94 909.836
2523.36 2118.12 3162.56 916.214
2550.74 2096.22 3167.19 906.743
2519.59 2130.69 3171.81 921.653
2554.5 2101.72 3176.43 909.12
2534.85 2125.3 3181.06 919.322
2545.07 2120.15 3185.68 917.095
2546.76 2122.71 3190.3 918.202
2550.52 2123.78 3194.93 918.662
2553.18 2125.82 3199.55 919.544
2560.64 2123.33 3204.18 918.47
2553.2 2134.74 3208.8 923.404
2562.13 2130.73 3213.42 921.669
2569.9 2128.02 3218.05 920.498
2556.62 2145.52 3222.67 928.069
2583.91 2123.67 3227.29 918.616
2563.82 2147.68 3231.92 929.004
2578.46 2138.22 3236.54 924.911
2578.12 2142.74 3241.16 926.865
2584.74 2141.19 3245.79 926.192
2575.11 2155.08 3250.41 932.201
2577.12 2157.83 3255.04 933.39
2591.47 2148.5 3259.66 929.357
2588.07 2156.23 3264.28 932.701
2590.97 2158.31 3268.91 933.6
2578.17 2175.58 3273.53 941.07
2591.14 2167.5 3278.15 937.576
2591.86 2171.24 3282.78 939.193
2596.1 2171.8 3287.4 939.434
2606.21 2166.47 3292.02 937.13
2592.2 2184.63 3296.65 944.986
2608.06 2173.8 3301.27 940.302
2611.36 2174.81 3305.9 940.738
2601.96 2188.85 3310.52 946.809
2602.88 2192.51 3315.14 948.395
2618.7 2181.47 3319.77 943.62
2615.2 2189.34 3324.39 947.023
2624.75 2185.03 3329.01 945.157
2618.33 2195.81 3333.64 949.819
2622.48 2196.57 3338.26 950.148
2626.02 2197.69 3342.88 950.633
2634.62 2193.88 3347.51 948.984
2633.1 2200.11 3352.13 951.68
2639.93 2197.88 3356.76 950.715
2646.2 2196.25 3361.38 950.013
2641.9 2205.01 3366 953.801
2648.31 2203.36 3370.63 953.085
2646.55 2209.8 3375.25 955.87
2660 2201.55 3379.87 952.305
2643.61 2221.97 3384.5 961.135
2666.92 2203.81 3389.12 953.28
2650.89 2224.03 3393.74 962.027
2666.88 2213.05 3398.37 957.277
2654.18 2230.13 3402.99 964.664
2676.08 2213.38 3407.62 957.421
2666 2227.58 3412.24 963.565
2676.8 2221.61 3416.86 960.98
2669.57 2233.16 3421.49 965.978
2682.48 2225.41 3426.11 962.627
2672.88 2239.48 3430.73 968.71
2676.34 2240.67 3435.36 969.226
2687.14 2234.83 3439.98 966.701
2694.14 2232.78 3444.6 965.813
2685.68 2245.64 3449.23 971.374
2694.93 2241.22 3453.85 969.463
2694.34 2246.4 3458.48 971.704
2701.41 2244.39 3463.1 970.834
2707.75 2242.64 3467.72 970.076
2717.63 2237.79 3472.35 967.981
2700.48 2258.93 3476.97 977.126
2711.32 2253.41 3481.59 974.735
2709.27 2259.55 3486.22 977.392
2728.69 2245.59 3490.84 971.352
2717.99 2260.3 3495.46 977.718
2724.42 2258.99 3500.09 977.151
2733.6 2254.61 3504.71 975.257
2728.31 2264.44 3509.34 979.506
2742.98 2254.63 3513.96 975.262
2728.98 2273.12 3518.58 983.262
2732.72 2274.32 3523.21 983.782
2728.25 2283.08 3527.83 987.57
2755.95 2260.74 3532.45 977.905
2747.4 2273.51 3537.08 983.432
2751.07 2274.61 3541.7 983.905
2756.13 2274.42 3546.32 983.825
2761.53 2273.83 3550.95 983.569
2755.26 2284.55 3555.57 988.204
2757.11 2287.63 3560.2 989.538
2761.26 2288.05 3564.82 989.72
2756.7 2297.19 3569.44 993.672
2762.38 2296.26 3574.07 993.272
2775.26 2288.09 3578.69 989.739
2785.12 2283.59 3583.31 987.791
2768.87 2303.63 3587.94 996.459
2799.06 2279.15 3592.56 985.869
2772.46 2309.51 3597.18 999.001
2797.25 2290.6 3601.81 990.824
2791.87 2299.97 3606.43 994.877
2796.99 2299.87 3611.06 994.834
2804.54 2297.13 3615.68 993.648
2798.19 2308.27 3620.3 998.466
2805.72 2305.06 3624.93 997.08
2814.16 2301.67 3629.55 995.611
2815 2305.21 3634.17 997.145
2820.12 2305.1 3638.8 997.096
2824.01 2305.87 3643.42 997.43
2819.55 2315.08 3648.04 1001.41
2818.89 2320.16 3652.67 1003.61
2829.99 2314.24 3657.29 1001.05
2826.99 2321.52 3661.92 1004.2
2835.89 2317.65 3666.54 1002.53
2832.91 2325.04 3671.16 1005.72
2844.57 2318.5 3675.79 1002.89
2840.56 2326.93 3680.41 1006.54
2851.14 2321.32 3685.03 1004.11
2840.89 2335.67 3689.66 1010.32
2855.12 2326.71 3694.28 1006.44
2840.8 2345.05 3698.9 1014.38
2867.36 2323.91 3703.53 1005.23
2852.51 2342.87 3708.15 1013.43
2864.21 2336.28 3712.78 1010.58
2864.57 2340.53 3717.4 1012.42
2869.84 2339.91 3722.02 1012.15
2879.64 2335.02 3726.65 1010.04
2868.05 2351 3731.27 1016.95
2876.91 2347.14 3735.89 1015.28
2884.28 2344.4 3740.52 1014.09
2879.58 2353.79 3745.14 1018.16
2887.47 2350.5 3749.76 1016.74
2896.22 2346.95 3754.39 1015.2
2891.58 2355.83 3759.01 1019.04
2906.78 2345.73 3763.63 1014.67
2901.23 2356.03 3768.26 1019.12
2899.25 2362.34 3772.88 1021.85
2913.23 2353.29 3777.51 1017.94
2914.53 2356.42 3782.13 1019.29
2912.45 2363.52 3786.75 1022.36
2905.5 2374.59 3791.38 1027.15
2917.65 2367.92 3796 1024.27
2920.25 2369.78 3800.62 1025.07
2919.66 2375 3805.25 1027.33
2919.17 2380.24 3809.87 1029.6
2935.9 2368.67 3814.49 1024.59
2921.41 2387.16 3819.12 1032.59
2942.59 2371.22 3823.74 1025.7
2937.74 2380.41 3828.37 1029.67
2950.49 2372.63 3832.99 1026.31
2934.67 2392.68 3837.61 1034.98
2949.33 2383.12 3842.24 1030.84
2966.92 2370.39 3846.86 1025.34
2952.24 2389.47 3851.48 1033.59
2952.01 2394.33 3856.11 1035.69
2946.02 2404.95 3860.73 1040.28
2963.46 2392.65 3865.35 1034.97
2956.61 2403.86 3869.98 1039.82
2974.91 2390.65 3874.6 1034.1
2970.1 2400.08 3879.23 1038.18
2977.84 2397.36 3883.85 1037
2978.19 2401.46 3888.47 1038.78
2976.58 2407.87 3893.1 1041.55
2982.7 2406.37 3897.72 1040.9
2994.83 2399.28 3902.34 1037.84
2984.32 2413.79 3906.97 1044.11
2989.34 2413.93 3911.59 1044.17
2990.64 2417.16 3916.21 1045.57
2994.85 2417.58 3920.84 1045.75
2999.39 2417.73 3925.46 1045.82
3006.28 2415.46 3930.09 1044.83
3005.35 2421.03 3934.71 1047.24
3011.73 2419.44 3939.33 1046.56
3024.58 2411.96 3943.96 1043.32
3005.44 2434.72 3948.58 1053.16
3033.45 2412.53 3953.2 1043.56
3010.42 2439.26 3957.83 1055.13
3036.98 2418.3 3962.45 1046.06
3027.51 2431.74 3967.07 1051.87
3031.41 2432.98 3971.7 1052.41
3035 2433.66 3976.32 1052.71
3035.52 2438.22 3980.95 1054.68
3041.29 2437.13 3985.57 1054.21
3034.93 2447.94 3990.19 1058.88
3060.42 2427.66 3994.82 1050.11
3048 2444.05 3999.44 1057.2
3053.62 2443.18 4004.06 1056.82
3059.72 2441.92 4008.69 1056.28
3059.78 2446.32 4013.31 1058.18
3064.04 2447.11 4017.93 1058.52
3061.61 2454.22 4022.56 1061.6
3070.83 2449.8 4027.18 1059.69
3071.18 2453.89 4031.81 1061.45
3073.31 2456.52 4036.43 1062.6
3073.65 2461.07 4041.05 1064.56
3080.8 2458.58 4045.68 1063.48
3072.31 2471.35 4050.3 1069.01
3084.68 2463.84 4054.92 1065.76
3096.57 2456.5 4059.55 1062.59
3095.26 2462.49 4064.17 1065.18
3091.04 2471.31 4068.79 1068.99
3102.7 2464.44 4073.42 1066.02
3110.38 2461.88 4078.04 1064.91
3089.4 2486.83 4082.67 1075.7
3116.62 2465.17 4087.29 1066.33
3105.26 2480.84 4091.91 1073.11
3118.59 2472.41 4096.54 1069.47
3123.79 2471.92 4101.16 1069.26
3113.63 2486.46 4105.78 1075.55
3128.1 2477.06 4110.41 1071.48
3121.04 2488.42 4115.03 1076.39
3118.27 2496.01 4119.65 1079.68
3126.28 2492.6 4124.28 1078.2
3135.49 2488 4128.9 1076.21
3122.66 2504.99 4133.53 1083.56
3151.45 2481.78 4138.15 1073.52
3134.54 2502.78 4142.77 1082.6
3149.04 2493.31 4147.4 1078.51
3152.76 2493.99 4152.02 1078.8
3150.02 2501.28 4156.64 1081.96
3153.02 2503.24 4161.27 1082.8
3151.38 2509.42 4165.89 1085.47
3170.38 2495.22 4170.51 1079.33
3160.71 2509.29 4175.14 1085.42
3173.28 2501.8 4179.76 1082.18
3170.39 2509.09 4184.39 1085.34
3171.01 2513.27 4189.01 1087.14
3172.25 2516.68 4193.63 1088.62
3176.69 2517.04 4198.26 1088.77
3192.17 2506.59 4202.88 1084.25
3186.15 2516.98 4207.5 1088.75
3187.8 2519.85 4212.13 1089.99
3189.26 2523.24 4216.75 1091.45
3193.64 2523.63 4221.37 1091.62
3199.72 2522.4 4226 1091.09
3204.31 2522.62 4230.62 1091.19
3201.5 2529.92 4235.25 1094.34
3212.84 2523.5 4239.87 1091.57
3204.79 2536.15 4244.49 1097.04
3207.97 2537.56 4249.12 1097.65
3210.39 2539.66 4253.74 1098.56
3208.98 2545.76 4258.36 1101.19
