#E_pot E_kin E_opt Temperature
3.4084 220.708 0 595.145
2.75125 219.915 0.370847 593.007
2.84402 220.22 0.741694 593.829
2.66383 220.827 1.11254 595.466
3.0064 220.87 1.48339 595.584
2.88652 221.278 1.85423 596.682
3.48299 221.067 2.22508 596.114
3.7814 221.139 2.59593 596.309
3.68117 221.572 2.96678 597.475
3.90167 221.761 3.33762 597.986
4.64308 221.479 3.70847 597.225
4.79791 221.743 4.07932 597.936
5.24162 221.676 4.45016 597.757
4.84346 222.482 4.82101 599.931
5.0163 222.642 5.19186 600.361
5.61241 222.445 5.5627 599.829
5.76955 222.647 5.93355 600.373
5.63775 223.114 6.3044 601.634
6.61785 222.535 6.67524 600.072
7.00279 222.593 7.04609 600.228
6.05782 223.891 7.41694 603.729
6.92972 223.384 7.78779 602.361
6.41485 224.323 8.15863 604.894
6.90778 224.223 8.52948 604.623
7.81769 223.733 8.90033 603.304
7.82649 224.123 9.27117 604.354
7.25265 225.116 9.64202 607.031
7.20399 225.536 10.0129 608.166
8.23939 224.94 10.3837 606.559
7.73425 225.8 10.7546 608.875
8.32634 225.543 11.1254 608.183
7.8249 226.396 11.4963 610.483
8.88459 225.748 11.8671 608.736
9.5915 225.464 12.2379 607.97
9.53981 225.884 12.6088 609.103
9.54081 226.222 12.9796 610.015
9.4614 226.675 13.3505 611.237
10.1619 226.398 13.7213 610.49
10.2651 226.64 14.0922 611.142
10.1732 227.145 14.463 612.504
10.822 226.832 14.8339 611.66
11.4386 226.605 15.2047 611.047
12.091 226.378 15.5756 610.436
12.0192 226.841 15.9464 611.684
11.9451 227.329 16.3173 613
11.8938 227.706 16.6881 614.015
11.8071 228.115 17.059 615.119
12.213 228.169 17.4298 615.266
12.6033 228.148 17.8007 615.208
12.9036 228.187 18.1715 615.314
12.8476 228.586 18.5423 616.389
13.5182 228.334 18.9132 615.71
13.692 228.494 19.284 616.142
14.3907 228.138 19.6549 615.181
14.9294 228.018 20.0257 614.857
15.4633 227.94 20.3966 614.646
15.0735 228.761 20.7674 616.86
15.9924 228.258 21.1383 615.504
15.6781 228.978 21.5091 617.447
16.1118 228.926 21.88 617.306
15.9777 229.407 22.2508 618.603
16.9645 228.808 22.6217 616.987
16.7277 229.37 22.9925 618.504
16.5313 230.003 23.3634 620.209
17.7118 229.166 23.7342 617.952
17.327 229.935 24.1051 620.027
17.4053 230.253 24.4759 620.884
16.9469 231.122 24.8467 623.227
18.3516 230.094 25.2176 620.457
18.0525 230.85 25.5884 622.495
18.3896 230.865 25.9593 622.535
18.2372 231.384 26.3301 623.935
18.2609 231.8 26.701 625.056
19.306 231.128 27.0718 623.245
19.2081 231.624 27.4427 624.58
19.1656 232.017 27.8135 625.64
19.2927 232.291 28.1844 626.379
19.4379 232.535 28.5552 627.037
20.3134 232.097 28.9261 625.855
20.5817 232.265 29.2969 626.31
20.9477 232.306 29.6678 626.421
20.8258 232.808 30.0386 627.774
21.3263 232.689 30.4094 627.454
22.4931 231.888 30.7803 625.292
22.1202 232.612 31.1511 627.246
21.6825 233.386 31.522 629.333
21.76 233.717 31.8928 630.226
21.9488 233.902 32.2637 630.723
22.6912 233.469 32.6345 629.555
22.1241 234.448 33.0054 632.197
22.417 234.51 33.3762 632.362
22.9619 234.376 33.7471 632.003
23.467 234.279 34.1179 631.74
23.6012 234.557 34.4888 632.489
23.3991 235.194 34.8596 634.209
23.7346 235.19 35.2305 634.196
23.6956 235.577 35.6013 635.239
23.7451 235.978 35.9722 636.321
24.1675 235.986 36.343 636.344
23.7159 236.742 36.7138 638.381
24.2303 236.614 37.0847 638.038
24.1802 237.023 37.4555 639.14
24.7946 236.846 37.8264 638.661
24.9218 237.119 38.1972 639.397
24.7827 237.658 38.5681 640.853
25.9561 236.861 38.9389 638.703
26.3995 236.823 39.3098 638.599
26.912 236.634 39.6806 638.092
26.7825 237.204 40.0515 639.628
26.0863 238.244 40.4223 642.431
26.519 238.215 40.7932 642.353
27.1985 237.925 41.164 641.572
27.9276 237.565 41.5349 640.602
28.0529 237.869 41.9057 641.42
27.8094 238.465 42.2766 643.028
28.6948 237.973 42.6474 641.703
28.7531 238.357 43.0182 642.737
29.257 238.224 43.3891 642.377
28.9297 238.917 43.7599 644.247
29.675 238.578 44.1308 643.333
29.0761 239.509 44.5016 645.844
30.8619 238.129 44.8725 642.121
31.0492 238.276 45.2433 642.519
30.867 238.785 45.6142 643.892
31.908 238.153 45.985 642.186
30.987 239.517 46.3559 645.866
30.8155 240.082 46.7267 647.388
31.1889 240.057 47.0976 647.322
32.7246 239.038 47.4684 644.572
31.653 240.441 47.8393 648.357
31.9823 240.41 48.2101 648.272
31.4546 241.265 48.5809 650.577
31.8605 241.254 48.9518 650.548
31.7459 241.751 49.3226 651.888
32.0213 241.838 49.6935 652.122
33.3583 240.87 50.0643 649.514
33.4503 241.208 50.4352 650.424
33.8901 241.212 50.806 650.435
34.0359 241.419 51.1769 650.994
33.733 242.081 51.5477 652.779
34.1768 242.035 51.9186 652.655
33.4922 243.171 52.2894 655.719
35.1783 241.972 52.6603 652.485
35.6516 241.926 53.0311 652.361
34.5699 243.349 53.402 656.198
35.3218 242.96 53.7728 655.148
35.3799 243.338 54.1437 656.168
35.9703 243.143 54.5145 655.644
36.2043 243.268 54.8853 655.98
36.8609 242.95 55.2562 655.123
36.4691 243.716 55.627 657.187
37.5023 243.034 55.9979 655.348
38.0125 242.842 56.3687 654.831
38.4529 242.781 56.7396 654.666
37.4485 244.128 57.1104 658.299
38.2337 243.746 57.4813 657.268
37.4309 244.904 57.8521 660.391
38.0088 244.7 58.223 659.841
38.3094 244.844 58.5938 660.229
38.6242 244.864 58.9647 660.282
37.7105 246.159 59.3355 663.776
38.4849 245.765 59.7064 662.713
39.5357 245.131 60.0772 661.002
40.1218 244.982 60.4481 660.602
40.9057 244.644 60.8189 659.69
41.7386 244.203 61.1897 658.501
41.0367 245.385 61.5606 661.689
41.3607 245.481 61.9314 661.948
41.6232 245.589 62.3023 662.239
42.3486 245.246 62.6731 661.314
41.1417 246.925 63.044 665.841
41.7438 246.691 63.4148 665.208
41.951 246.868 63.7857 665.686
42.0967 247.095 64.1565 666.299
42.2374 247.337 64.5274 666.952
43.1853 246.789 64.8982 665.474
42.4954 247.952 65.2691 668.61
42.807 247.99 65.6399 668.713
44.5933 246.599 66.0108 664.963
44.3001 247.2 66.3816 666.583
44.1327 247.828 66.7524 668.276
43.6858 248.602 67.1233 670.362
44.0469 248.639 67.4941 670.463
45.1556 247.956 67.865 668.62
45.5883 247.875 68.2358 668.403
44.8436 249.039 68.6067 671.541
43.8632 250.361 68.9775 675.107
45.1181 249.516 69.3484 672.827
45.7485 249.163 69.7192 671.877
46.8748 248.459 70.0901 669.977
47.8841 247.825 70.4609 668.268
47.2052 248.934 70.8318 671.259
48.1091 248.497 71.2026 670.08
48.3605 248.605 71.5735 670.371
48.7455 248.662 71.9443 670.526
48.1273 249.522 72.3152 672.843
47.8422 250.263 72.686 674.843
48.5712 249.841 73.0568 673.705
48.5607 250.21 73.4277 674.7
48.7201 250.492 73.7985 675.458
49.048 250.562 74.1694 675.648
48.2936 251.692 74.5402 678.695
49.8198 250.523 74.9111 675.544
48.8199 251.922 75.2819 679.316
48.9379 252.121 75.6528 679.852
49.9843 251.501 76.0236 678.18
50.0042 251.881 76.3945 679.204
50.6328 251.593 76.7653 678.427
50.5726 252 77.1362 679.526
50.6051 252.427 77.507 680.676
50.5038 252.915 77.8779 681.992
50.7994 253.092 78.2487 682.47
51.8643 252.46 78.6196 680.767
52.5223 252.187 78.9904 680.031
52.534 252.587 79.3612 681.108
52.8474 252.71 79.7321 681.439
53.2668 252.664 80.1029 681.316
52.397 253.828 80.4738 684.455
53.6513 252.996 80.8446 682.211
53.4886 253.493 81.2155 683.551
54.0638 253.269 81.5863 682.948
54.2502 253.539 81.9572 683.676
54.2842 253.908 82.328 684.67
53.8722 254.706 82.6989 686.821
55.3625 253.66 83.0697 684.002
55.4762 253.949 83.4406 684.78
56.0638 253.804 83.8114 684.389
55.8483 254.323 84.1823 685.791
55.5936 254.943 84.5531 687.462
56.039 254.89 84.9239 687.318
57.2349 254.068 85.2948 685.102
56.0994 255.572 85.6656 689.158
55.7383 256.309 86.0365 691.144
57.0238 255.476 86.4073 688.898
58.4764 254.441 86.7782 686.107
57.4772 255.742 87.149 689.615
57.5555 256.043 87.5199 690.428
57.6114 256.435 87.8907 691.486
58.9163 255.496 88.2616 688.954
59.8212 255.021 88.6324 687.671
60.0576 255.147 89.0033 688.013
59.5873 256.083 89.3741 690.537
59.1031 256.903 89.745 692.747
59.8498 256.55 90.1158 691.796
60.0654 256.725 90.4867 692.268
59.3659 257.765 90.8575 695.072
60.3951 257.199 91.2283 693.545
60.4393 257.535 91.5992 694.451
60.7279 257.617 91.97 694.673
61.187 257.567 92.3409 694.536
61.3129 257.754 92.7117 695.042
61.6216 257.882 93.0826 695.386
60.8061 259.053 93.4534 698.544
61.5465 258.721 93.8243 697.649
61.8693 258.801 94.1951 697.866
59.7937 261.258 94.566 704.489
61.2407 260.178 94.9368 701.578
62.311 259.471 95.3077 699.671
61.4992 260.606 95.6785 702.732
61.962 260.563 96.0494 702.616
62.5897 260.289 96.4202 701.878
63.9856 259.315 96.7911 699.251
64.7321 259.027 97.1619 698.475
64.9658 259.196 97.5327 698.93
64.4707 260.119 97.9036 701.419
64.5815 260.424 98.2744 702.24
65.8859 259.483 98.6453 699.703
66.259 259.409 99.0161 699.503
66.2197 259.77 99.387 700.477
65.9116 260.462 99.7578 702.343
65.617 261.186 100.129 704.295
64.9445 262.191 100.5 707.006
65.8549 261.614 100.87 705.45
68.1899 259.689 101.241 700.258
66.9612 261.288 101.612 704.571
66.1377 262.492 101.983 707.817
67.4631 261.585 102.354 705.371
67.0443 262.363 102.725 707.471
67.1589 262.663 103.095 708.279
69.0189 261.14 103.466 704.173
68.0372 262.491 103.837 707.814
69.2423 261.717 104.208 705.728
69.6634 261.654 104.579 705.557
68.6283 263.082 104.95 709.408
68.7516 263.364 105.321 710.168
70.1619 262.363 105.691 707.471
69.2019 263.644 106.062 710.923
69.1236 264.167 106.433 712.333
70.5671 263.101 106.804 709.461
71.6296 262.419 107.175 707.619
70.8426 263.545 107.546 710.656
70.5935 264.117 107.916 712.198
70.275 264.811 108.287 714.071
71.6711 263.838 108.658 711.448
71.6303 264.262 109.029 712.591
73.4523 262.839 109.4 708.754
71.685 264.97 109.771 714.5
72.2557 264.872 110.142 714.236
71.916 265.541 110.512 716.039
71.4303 266.417 110.883 718.403
73.091 265.113 111.254 714.886
72.8836 265.77 111.625 716.656
74.3304 264.692 111.996 713.751
74.2544 265.081 112.367 714.798
72.9907 266.76 112.737 719.327
73.035 267.117 113.108 720.29
74.7131 265.88 113.479 716.952
75.2671 265.728 113.85 716.545
76.0988 265.26 114.221 715.283
74.9338 266.734 114.592 719.256
75.088 266.983 114.963 719.928
74.6582 267.789 115.333 722.101
76.1562 266.726 115.704 719.234
77.4285 265.9 116.075 717.007
79.5807 264.104 116.446 712.164
78.0016 266.062 116.817 717.443
77.6496 266.706 117.188 719.181
78.0403 266.704 117.558 719.176
80.1464 265.036 117.929 714.677
80.508 265.073 118.3 714.777
80.2045 265.725 118.671 716.535
77.6183 268.672 119.042 724.482
78.7584 267.89 119.413 722.375
77.1813 269.765 119.784 727.43
79.1106 268.249 120.154 723.343
79.3637 268.349 120.525 723.611
79.6644 268.441 120.896 723.858
80.9086 267.543 121.267 721.438
82.0321 266.784 121.638 719.39
83.0712 266.083 122.009 717.501
83.2214 266.235 122.379 717.911
83.7392 266.105 122.75 717.561
82.3107 267.991 123.121 722.645
82.6971 268.004 123.492 722.681
82.5442 268.44 123.863 723.857
83.1319 268.291 124.234 723.454
83.3033 268.578 124.605 724.23
82.9692 269.309 124.975 726.201
82.8702 269.755 125.346 727.403
84.8627 268.037 125.717 722.769
84.3254 269.05 126.088 725.502
85.387 268.429 126.459 723.826
84.6728 269.511 126.83 726.743
83.8909 270.649 127.2 729.814
84.5086 270.466 127.571 729.32
86.7427 268.62 127.942 724.341
87.4164 268.263 128.313 723.378
86.6098 269.481 128.684 726.663
88.2166 268.223 129.055 723.272
88.2367 268.637 129.426 724.388
88.2114 269.112 129.796 725.668
87.952 269.794 130.167 727.507
89.2802 268.881 130.538 725.045
90.073 268.481 130.909 723.968
88.0171 270.959 131.28 730.649
88.3788 271.031 131.651 730.844
87.609 272.186 132.022 733.957
87.6327 272.566 132.392 734.983
87.5767 273.028 132.763 736.227
88.9426 272.006 133.134 733.472
88.8251 272.486 133.505 734.766
89.7649 271.971 133.876 733.378
90.7381 271.393 134.247 731.818
92.8066 269.814 134.617 727.561
92.0545 270.948 134.988 730.62
91.5868 271.847 135.359 733.044
92.3447 271.547 135.73 732.234
90.4296 273.836 136.101 738.407
89.3958 275.22 136.472 742.139
91.4156 273.514 136.843 737.539
91.8309 273.584 137.213 737.727
90.9022 274.844 137.584 741.125
93.2236 272.944 137.955 736.003
93.518 273.065 138.326 736.327
93.2321 273.702 138.697 738.047
91.8995 275.435 139.068 742.718
93.2445 274.502 139.438 740.204
94.4805 273.63 139.809 737.851
93.1826 275.258 140.18 742.242
94.3851 274.401 140.551 739.93
94.5458 274.632 140.922 740.552
94.21 275.366 141.293 742.532
94.1283 275.85 141.664 743.838
94.82 275.561 142.034 743.058
93.8896 276.925 142.405 746.737
95.1364 276.15 142.776 744.648
95.1224 276.546 143.147 745.714
96.6458 275.43 143.518 742.706
97.1694 275.26 143.889 742.246
97.0484 275.691 144.259 743.41
97.8664 275.288 144.63 742.321
100.588 272.956 145.001 736.034
101.266 272.691 145.372 735.32
99.3886 274.877 145.743 741.214
101.636 273.062 146.114 736.319
98.4222 276.648 146.485 745.991
98.9685 276.511 146.855 745.621
99.9928 275.826 147.226 743.773
100.774 275.365 147.597 742.529
101.108 275.38 147.968 742.57
101.588 275.34 148.339 742.463
99.5353 277.802 148.71 749.102
101.811 275.87 149.08 743.891
102.4 275.668 149.451 743.347
100.649 277.802 149.822 749.102
100.242 278.598 150.193 751.247
100.792 278.463 150.564 750.885
101.006 278.65 150.935 751.389
102.362 277.666 151.306 748.735
102.268 278.176 151.676 750.11
103.429 277.435 152.047 748.112
103.85 277.35 152.418 747.883
103.725 277.825 152.789 749.163
103.457 278.415 153.16 750.753
104.954 277.353 153.531 747.892
105.848 276.772 153.901 746.323
103.773 279.247 154.272 752.998
105.207 278.201 154.643 750.177
108.979 274.841 155.014 741.116
107.031 277.089 155.385 747.18
108.886 275.589 155.756 743.135
107.099 277.694 156.127 748.811
106.576 278.611 156.497 751.282
106.618 278.965 156.868 752.238
106.522 279.47 157.239 753.599
105.598 280.84 157.61 757.293
107.898 278.99 157.981 752.304
107.326 279.943 158.352 754.874
107.709 279.992 158.722 755.008
106.014 282.039 159.093 760.528
107.553 280.997 159.464 757.717
107.717 281.178 159.835 758.204
107.508 281.726 160.206 759.683
108.18 281.49 160.577 759.046
109.361 280.648 160.948 756.775
109.983 280.47 161.318 756.295
109.097 281.745 161.689 759.734
110.131 281.113 162.06 758.031
110.749 280.927 162.431 757.528
109.199 282.863 162.802 762.749
109.588 282.828 163.173 762.655
111.533 281.312 163.543 758.567
114.288 278.939 163.914 752.167
114.431 279.153 164.285 752.744
114.314 279.586 164.656 753.911
115.095 279.175 165.027 752.805
114.957 279.68 165.398 754.165
113.654 281.374 165.769 758.734
114.771 280.678 166.139 756.857
117.344 278.538 166.51 751.086
116.638 279.653 166.881 754.093
117.573 279.057 167.252 752.485
116.401 280.711 167.623 756.947
118.509 279.006 167.994 752.348
117.768 280.092 168.365 755.276
118.103 280.121 168.735 755.355
118.74 279.872 169.106 754.683
119.774 279.217 169.477 752.916
119.556 279.826 169.848 754.558
120.035 279.789 170.219 754.458
121.739 278.482 170.59 750.936
123.627 276.992 170.96 746.917
124.092 276.854 171.331 746.546
126.57 274.81 171.702 741.033
124.262 277.517 172.073 748.333
124.308 277.846 172.444 749.219
124.24 278.249 172.815 750.306
125.4 277.484 173.186 748.244
127.06 276.213 173.556 744.817
126.066 277.546 173.927 748.412
129.385 274.592 174.298 740.446
126.605 277.77 174.669 749.015
128.355 276.412 175.04 745.355
129.276 275.898 175.411 743.966
129.028 276.524 175.781 745.656
126.56 279.305 176.152 753.154
128.913 277.375 176.523 747.951
127.663 279.017 176.894 752.378
130.566 276.537 177.265 745.689
131.222 276.205 177.636 744.796
130.529 277.284 178.007 747.706
133.142 274.981 178.377 741.494
133.729 274.785 178.748 740.966
132.249 276.654 179.119 746.005
134.581 274.702 179.49 740.742
135.021 274.701 179.861 740.74
136.902 273.136 180.232 736.519
136.062 274.324 180.602 739.723
136.107 274.643 180.973 740.582
136.526 274.617 181.344 740.512
137.273 274.248 181.715 739.519
135.659 276.196 182.086 744.772
135.183 277.076 182.457 747.143
137.295 275.4 182.828 742.624
137.481 275.566 183.198 743.073
138.523 274.905 183.569 741.289
138.856 274.974 183.94 741.476
138.727 275.522 184.311 742.954
137.638 276.909 184.682 746.694
140.704 274.214 185.053 739.425
140.076 275.24 185.423 742.192
140.116 275.569 185.794 743.081
140.668 275.376 186.165 742.56
139.858 276.55 186.536 745.727
139.308 277.461 186.907 748.182
138.805 278.35 187.278 750.58
138.806 278.691 187.649 751.498
136.86 281.002 188.019 757.731
140.649 277.657 188.39 748.709
138.664 280.044 188.761 755.148
137.636 281.409 189.132 758.827
137.912 281.547 189.503 759.201
140.118 279.723 189.874 754.281
138.853 281.397 190.244 758.795
139.332 281.204 190.615 758.275
140.482 280.409 190.986 756.131
140.537 280.695 191.357 756.901
144.333 277.391 191.728 747.993
143.883 278.24 192.099 750.282
145.023 277.505 192.47 748.301
145.029 277.854 192.84 749.242
145.009 278.227 193.211 750.247
143.16 280.42 193.582 756.161
144.569 279.53 193.953 753.76
144.487 279.936 194.324 754.857
144.48 280.368 194.695 756.02
144.431 280.781 195.065 757.135
146.899 278.786 195.436 751.755
145.278 280.797 195.807 757.176
144.928 281.548 196.178 759.204
144.556 282.267 196.549 761.141
148.058 279.209 196.92 752.895
146.462 281.047 197.291 757.852
148.078 279.901 197.661 754.761
147.994 280.444 198.032 756.226
149.616 279.147 198.403 752.727
147.39 281.705 198.774 759.626
147.069 282.35 199.145 761.365
152.832 277.063 199.516 747.108
150.349 279.829 199.886 754.568
149.884 280.68 200.257 756.863
150.077 280.883 200.628 757.409
150.585 280.753 200.999 757.06
149.149 282.557 201.37 761.925
151.449 280.779 201.741 757.129
151.375 281.159 202.112 758.154
153.62 279.274 202.482 753.07
153.865 279.551 202.853 753.818
154.019 279.752 203.224 754.359
156.069 278.06 203.595 749.797
156.113 278.422 203.966 750.774
154.64 280.215 204.337 755.609
157.501 277.731 204.708 748.91
158.262 277.369 205.078 747.933
155.618 280.368 205.449 756.021
154.817 281.515 205.82 759.114
155.635 281.053 206.191 757.868
156.465 280.616 206.562 756.688
153.953 283.428 206.933 764.273
158.135 279.698 207.303 754.214
158.188 280.013 207.674 755.064
159.388 279.18 208.045 752.817
158.319 280.641 208.416 756.756
159.393 280 208.787 755.028
160.304 279.466 209.158 753.588
160.132 279.986 209.529 754.991
161.202 279.277 209.899 753.078
162.856 278.04 210.27 749.742
159.794 281.446 210.641 758.926
163.367 278.191 211.012 750.15
161.622 280.376 211.383 756.044
163.585 278.85 211.754 751.927
161.71 281.066 212.124 757.904
164.57 278.487 212.495 750.948
163.745 279.764 212.866 754.391
165.505 278.371 213.237 750.635
165.132 279.074 213.608 752.532
164.609 279.936 213.979 754.857
166.961 278.026 214.35 749.705
165.478 279.834 214.72 754.581
166.786 278.895 215.091 752.05
164.613 281.431 215.462 758.888
165.948 280.473 215.833 756.305
163.943 282.925 216.204 762.916
162.728 284.42 216.575 766.946
164.471 283.111 216.945 763.418
165.595 282.39 217.316 761.474
166.382 282.085 217.687 760.65
165.337 283.482 218.058 764.419
165.352 283.848 218.429 765.403
167.075 282.512 218.8 761.802
166.267 283.721 219.171 765.062
167.019 283.387 219.541 764.162
166.661 284.087 219.912 766.05
166.534 284.686 220.283 767.665
166.954 284.553 220.654 767.305
167.769 284.21 221.025 766.381
169.28 283.115 221.396 763.428
170.327 282.474 221.766 761.7
169.97 283.153 222.137 763.531
169.581 283.872 222.508 765.471
170.528 283.411 222.879 764.225
170.415 283.893 223.25 765.525
170.893 283.84 223.621 765.384
169.586 285.506 223.992 769.877
171.432 284.066 224.362 765.993
171.732 284.225 224.733 766.421
170.197 286.115 225.104 771.518
172.828 283.846 225.475 765.398
175.469 281.565 225.846 759.248
175.072 282.346 226.217 761.353
174.198 283.599 226.587 764.733
174.746 283.506 226.958 764.483
175.546 283.016 227.329 763.162
177.648 281.302 227.7 758.539
176.4 282.885 228.071 762.807
178.133 281.506 228.442 759.089
176.508 283.418 228.813 764.246
176.102 284.179 229.183 766.297
179.504 281.103 229.554 758.002
177.906 283.136 229.925 763.486
178.23 283.1 230.296 763.387
177.992 283.741 230.667 765.115
177.79 284.292 231.038 766.601
178.721 283.723 231.408 765.067
180.197 282.492 231.779 761.749
181.248 281.942 232.15 760.266
178.971 284.521 232.521 767.218
180.035 283.835 232.892 765.37
182.437 281.859 233.263 760.042
183.539 281.099 233.634 757.992
180.75 284.286 234.004 766.585
179.567 285.728 234.375 770.474
176.993 288.627 234.746 778.292
179.339 286.734 235.117 773.186
178.213 288.149 235.488 777.004
180.423 286.362 235.859 772.185
180.709 286.436 236.229 772.383
182.075 285.473 236.6 769.787
180.081 287.801 236.971 776.063
180.078 288.213 237.342 777.174
183.019 285.717 237.713 770.445
181.923 287.149 238.084 774.305
183.6 285.896 238.455 770.926
181.49 288.385 238.825 777.638
181.418 288.893 239.196 779.008
183.79 286.92 239.567 773.689
185.54 285.598 239.938 770.123
185.424 286.152 240.309 771.617
184.406 287.563 240.68 775.422
184.9 287.356 241.051 774.864
186.88 285.743 241.421 770.515
186.586 286.451 241.792 772.423
187.453 285.902 242.163 770.943
187.895 285.861 242.534 770.833
188.133 286.008 242.905 771.228
189.089 285.442 243.276 769.702
192.209 282.719 243.646 762.36
189.765 285.547 244.017 769.987
188.416 287.278 244.388 774.653
190.905 285.163 244.759 768.949
188.808 287.621 245.13 775.579
191.077 285.791 245.501 770.644
191.09 286.191 245.872 771.722
192.233 285.414 246.242 769.626
194.168 283.902 246.613 765.551
194.058 284.411 246.984 766.924
190.642 288.182 247.355 777.092
194.481 284.764 247.726 767.875
195.941 283.672 248.097 764.929
195.339 284.696 248.467 767.691
196.529 283.888 248.838 765.512
196.501 284.225 249.209 766.421
197.207 283.871 249.58 765.466
197.974 283.487 249.951 764.431
198.303 283.526 250.322 764.536
202.361 279.931 250.693 754.842
201.489 281.102 251.063 758
199.738 283.192 251.434 763.635
199.772 283.52 251.805 764.52
198.81 284.81 252.176 767.998
199.595 284.474 252.547 767.093
200.046 284.365 252.918 766.799
200.239 284.543 253.288 767.278
202.164 283.014 253.659 763.155
201.549 284.092 254.03 766.063
201.629 284.37 254.401 766.812
200.986 285.442 254.772 769.704
202.068 284.657 255.143 767.586
205.798 281.242 255.514 758.378
203.423 284.021 255.884 765.871
204.715 283.134 256.255 763.479
204.754 283.506 256.626 764.484
202.064 286.592 256.997 772.805
205.379 283.701 257.368 765.008
204.503 284.946 257.739 768.366
206.742 283.032 258.109 763.205
210.353 279.855 258.48 754.638
208.958 281.594 258.851 759.325
208.157 282.737 259.222 762.41
207.478 283.785 259.593 765.235
207.175 284.474 259.964 767.094
207.534 284.537 260.335 767.262
207.734 284.772 260.705 767.897
209.03 283.888 261.076 765.512
209.997 283.312 261.447 763.96
213.028 280.713 261.818 756.952
212.882 281.212 262.189 758.296
212.058 282.419 262.56 761.552
213.814 281.067 262.93 757.905
215.645 279.654 263.301 754.095
212.922 282.72 263.672 762.364
213.445 282.657 264.043 762.193
213.278 283.214 264.414 763.696
211.582 285.328 264.785 769.395
212.469 284.785 265.156 767.933
211.72 285.865 265.526 770.843
211.697 286.374 265.897 772.216
209.739 288.706 266.268 778.505
210.936 287.954 266.639 776.475
212.441 286.846 267.01 773.49
211.716 287.944 267.381 776.449
211.553 288.435 267.751 777.773
212.338 288.153 268.122 777.013
214.84 286.079 268.493 771.421
215.582 285.737 268.864 770.499
213.289 288.39 269.235 777.651
212.173 289.933 269.606 781.812
217.2 285.311 269.977 769.349
215.335 287.483 270.347 775.208
215.269 287.952 270.718 776.471
215.3 288.329 271.089 777.489
216.531 287.44 271.46 775.091
215.462 288.86 271.831 778.918
222.397 282.431 272.202 761.584
221.59 283.556 272.572 764.618
219.892 285.624 272.943 770.195
221.287 284.687 273.314 767.668
220.969 285.338 273.685 769.423
222.47 284.207 274.056 766.372
221.141 285.939 274.427 771.042
223.746 283.844 274.798 765.394
221.017 286.855 275.168 773.514
221.989 286.295 275.539 772.004
223.5 285.151 275.91 768.918
222.759 286.267 276.281 771.927
220.965 288.447 276.652 777.805
221.973 287.808 277.023 776.084
223.113 287.123 277.394 774.235
222.436 288.187 277.764 777.106
222.801 288.188 278.135 777.109
227.24 284.156 278.506 766.236
227.168 284.728 278.877 767.777
228.675 283.569 279.248 764.653
224.969 287.628 279.619 775.598
226.699 286.415 279.989 772.326
224.98 288.42 280.36 777.732
221.834 291.916 280.731 787.161
226.997 287.152 281.102 774.313
226.824 287.746 281.473 775.916
221.822 293.149 281.844 790.486
223.538 291.736 282.215 786.674
228.122 287.557 282.585 775.406
227.196 288.856 282.956 778.908
225.336 291.085 283.327 784.919
228.213 288.668 283.698 778.401
223.438 293.749 284.069 792.103
227.061 290.529 284.44 783.419
227.295 290.774 284.81 784.081
225.317 293.078 285.181 790.293
228.115 290.58 285.552 783.559
230.626 288.531 285.923 778.032
230.086 289.397 286.294 780.367
228.576 291.216 286.665 785.273
231.242 289.06 287.036 779.46
230.283 290.408 287.406 783.093
227.586 293.476 287.777 791.366
227.765 293.649 288.148 791.833
232.471 289.394 288.519 780.361
234.058 288.194 288.89 777.124
235.819 286.844 289.261 773.485
233.896 289.126 289.631 779.636
233.99 289.45 290.002 780.511
232.38 291.394 290.373 785.751
233.684 290.49 290.744 783.314
235.086 289.473 291.115 780.572
235.105 289.804 291.486 781.466
234.566 290.748 291.857 784.012
237.054 288.721 292.227 778.544
236.235 289.944 292.598 781.844
236.733 289.862 292.969 781.621
236.691 290.288 293.34 782.77
238.246 289.083 293.711 779.521
240.448 287.227 294.082 774.515
242.136 285.989 294.452 771.177
240.562 287.915 294.823 776.371
241.014 287.713 295.194 775.828
243.152 285.952 295.565 771.079
242.558 286.917 295.936 773.681
240.399 289.45 296.307 780.512
239.473 290.73 296.678 783.961
241.363 289.209 297.048 779.861
242.462 288.39 297.419 777.652
242.546 288.658 297.79 778.375
246.93 284.707 298.161 767.722
244.177 287.836 298.532 776.159
246.794 285.567 298.903 770.04
244.502 288.219 299.273 777.191
246.698 286.456 299.644 772.437
246.963 286.516 300.015 772.598
247.302 286.588 300.386 772.793
248.567 285.672 300.757 770.322
245.869 288.769 301.128 778.676
246.998 288.025 301.499 776.668
248.084 287.374 301.869 774.912
248.684 287.256 302.24 774.595
247.41 288.838 302.611 778.859
248.258 288.436 302.982 777.776
252.158 284.914 303.353 768.28
252.131 285.345 303.724 769.441
253.222 284.672 304.094 767.627
254.594 283.695 304.465 764.993
257.289 281.487 304.836 759.038
258.109 280.917 305.207 757.5
259.637 279.757 305.578 754.373
261.37 278.436 305.949 750.811
262.736 277.444 306.32 748.137
261.322 279.18 306.69 752.818
262.623 278.26 307.061 750.335
263.857 277.381 307.432 747.967
264.287 277.364 307.803 747.92
267.881 274.148 308.174 739.249
268.038 274.408 308.545 739.95
267.793 275.05 308.915 741.681
267.115 276.098 309.286 744.506
267.892 275.804 309.657 743.715
266.973 277.095 310.028 747.196
268.129 276.35 310.399 745.185
269.6 275.268 310.77 742.267
269.655 275.579 311.141 743.108
268.046 277.531 311.511 748.371
268.661 277.349 311.882 747.881
269.335 277.062 312.253 747.106
270.655 276.158 312.624 744.669
272.311 274.908 312.995 741.297
271.268 276.296 313.366 745.041
270.89 277.057 313.737 747.092
272.976 275.375 314.107 742.557
272.987 275.722 314.478 743.494
271.096 277.998 314.849 749.63
273.54 275.926 315.22 744.042
271.543 278.265 315.591 750.351
271.822 278.336 315.962 750.543
272.91 277.655 316.332 748.706
271.71 279.136 316.703 752.699
273.875 277.365 317.074 747.922
273.456 278.189 317.445 750.144
274.653 277.316 317.816 747.79
272.188 280.181 318.187 755.516
273.859 278.914 318.558 752.099
274.455 278.704 318.928 751.534
275.708 277.779 319.299 749.039
274.627 279.243 319.67 752.988
275.783 278.485 320.041 750.943
274.746 279.882 320.412 754.71
275.94 279.175 320.783 752.804
275.444 279.947 321.153 754.886
276.639 279.208 321.524 752.894
274.522 281.632 321.895 759.43
276.428 280.158 322.266 755.455
276.343 280.572 322.637 756.572
277.02 280.297 323.008 755.829
278.761 278.998 323.379 752.326
277.498 280.622 323.749 756.706
278.939 279.57 324.12 753.868
278.56 280.376 324.491 756.043
280.101 279.095 324.862 752.589
275.708 283.904 325.233 765.557
279.222 280.8 325.604 757.185
277.503 282.899 325.974 762.846
278.035 282.74 326.345 762.417
281.017 280.213 326.716 755.602
279.671 281.967 327.087 760.332
279.221 282.821 327.458 762.636
279.446 282.895 327.829 762.835
279.428 283.339 328.2 764.034
278.765 284.398 328.57 766.889
283.025 280.612 328.941 756.678
282.501 281.453 329.312 758.946
281.516 282.836 329.683 762.676
280.758 283.981 330.054 765.765
283.708 281.463 330.425 758.974
282.25 283.218 330.795 763.705
282.214 283.757 331.166 765.158
283.177 283.207 331.537 763.675
283.542 283.229 331.908 763.735
281.144 285.912 332.279 770.97
284.452 283.024 332.65 763.182
284.177 283.625 333.021 764.804
283.112 285.043 333.391 768.627
282.9 285.636 333.762 770.227
285.686 283.34 334.133 764.036
286.315 283.089 334.504 763.358
286.515 283.22 334.875 763.712
284.125 286.009 335.246 771.232
285.578 284.922 335.616 768.301
285.753 285.199 335.987 769.049
286.58 284.65 336.358 767.568
286.197 285.404 336.729 769.601
286.09 285.919 337.1 770.989
288.423 284.086 337.471 766.047
288.194 284.723 337.842 767.763
288.086 285.152 338.212 768.922
288.092 285.477 338.583 769.798
289.171 284.796 338.954 767.96
288.197 286.126 339.325 771.549
288.927 285.749 339.696 770.532
288.354 286.758 340.067 773.252
288.646 286.754 340.437 773.24
288.779 287.022 340.808 773.963
288.411 287.693 341.179 775.774
289.529 287.042 341.55 774.019
292.115 284.901 341.921 768.245
289.465 287.906 342.292 776.346
290.437 287.26 342.663 774.606
289.924 288.195 343.033 777.126
290.877 287.602 343.404 775.529
292.542 286.416 343.775 772.329
290.894 288.436 344.146 777.778
292.165 287.595 344.517 775.508
291.102 288.979 344.888 779.24
295.27 285.278 345.258 769.262
293.761 287.195 345.629 774.43
294.41 287.012 346 773.936
294.281 287.563 346.371 775.422
293.697 288.522 346.742 778.009
292.147 290.445 347.113 783.195
293.789 289.237 347.484 779.935
293.359 290.056 347.854 782.146
293.64 290.204 348.225 782.545
293.166 291.069 348.596 784.877
293.364 291.278 348.967 785.44
295.898 289.117 349.338 779.613
295.741 289.732 349.709 781.272
295.598 290.246 350.08 782.658
295.881 290.3 350.45 782.803
296.696 289.897 350.821 781.716
297.478 289.51 351.192 780.673
296.913 290.373 351.563 782.999
297.982 289.781 351.934 781.405
297.521 290.6 352.305 783.611
297.334 291.145 352.675 785.081
296.887 291.939 353.046 787.223
298.036 291.197 353.417 785.221
298.714 290.995 353.788 784.676
299.75 290.318 354.159 782.852
298.272 292.138 354.53 787.758
297.763 293.027 354.901 790.157
299.902 291.315 355.271 785.54
298.851 292.639 355.642 789.109
301.575 290.408 356.013 783.093
302.456 289.936 356.384 781.821
301.174 291.613 356.755 786.343
300.779 292.383 357.126 788.419
300.664 292.835 357.496 789.638
302.311 291.56 357.867 786.2
301.811 292.406 358.238 788.481
301.616 292.933 358.609 789.903
300.874 294.062 358.98 792.948
301.105 294.155 359.351 793.198
301.41 294.282 359.722 793.539
301.076 294.928 360.092 795.283
300.147 296.22 360.463 798.767
303.573 293.279 360.834 790.836
303.02 294.211 361.205 793.348
303.178 294.427 361.576 793.931
304.107 293.964 361.947 792.682
305.311 293.172 362.317 790.548
304.672 294.133 362.688 793.139
308.71 290.582 363.059 783.564
305.24 294.336 363.43 793.687
306.791 293.229 363.801 790.7
306.241 294.087 364.172 793.015
306.65 294.106 364.543 793.067
303.708 297.319 364.913 801.73
306.204 295.256 365.284 796.167
307.602 294.333 365.655 793.679
307.193 295.077 366.026 795.685
308.464 294.202 366.397 793.324
308.735 294.297 366.768 793.582
307.104 296.298 367.138 798.977
307.571 296.186 367.509 798.674
307.86 296.372 367.88 799.177
308.311 296.231 368.251 798.795
307.977 296.875 368.622 800.533
308.931 296.271 368.993 798.903
308.079 297.57 369.364 802.407
310.182 295.798 369.734 797.629
308.417 297.951 370.105 803.434
310.251 296.509 370.476 799.544
311.036 296.035 370.847 798.268
310.568 296.909 371.218 800.624
312.036 295.821 371.589 797.69
310.248 298.012 371.959 803.599
310.462 298.198 372.33 804.101
310.834 298.226 372.701 804.176
310.325 299.015 373.072 806.303
312.527 297.31 373.443 801.706
311.68 298.53 373.814 804.995
312.913 297.723 374.185 802.82
312.557 298.494 374.555 804.898
312.918 298.464 374.926 804.818
310.021 301.725 375.297 813.611
313.46 298.765 375.668 805.629
314.303 298.291 376.039 804.35
311.831 301.107 376.41 811.944
314.208 299.276 376.78 807.006
313.991 299.727 377.151 808.224
313.38 300.621 377.522 810.634
313.953 300.498 377.893 810.303
315.744 299.077 378.264 806.47
315.628 299.488 378.635 807.578
314.511 300.934 379.006 811.478
314.364 301.416 379.376 812.778
315.594 300.609 379.747 810.601
317.392 299.229 380.118 806.881
315.56 301.373 380.489 812.661
316.037 301.289 380.86 812.434
316.658 301.069 381.231 811.84
319.072 299.055 381.601 806.41
314.833 303.645 381.972 818.787
317.171 301.813 382.343 813.849
319.038 300.271 382.714 809.691
317.998 301.757 383.085 813.696
316.945 303.193 383.456 817.57
319.47 301.045 383.827 811.778
319.735 301.2 384.197 812.195
318.112 303.129 384.568 817.396
320.177 301.501 384.939 813.006
318.327 303.595 385.31 818.654
321.758 300.67 385.681 810.766
319.965 302.72 386.052 816.294
319.685 303.365 386.423 818.032
319.393 304.141 386.793 820.126
320.131 303.778 387.164 819.146
321.351 302.977 387.535 816.988
320.418 304.375 387.906 820.757
321.595 303.529 388.277 818.476
321.695 303.816 388.648 819.249
322.129 303.649 389.018 818.799
321.818 304.441 389.389 820.933
324.291 302.364 389.76 815.333
322.197 304.721 390.131 821.689
321.701 305.568 390.502 823.972
322.434 305.191 390.873 822.958
323.31 304.796 391.244 821.891
323.579 304.886 391.614 822.133
324.324 304.541 391.985 821.205
324.634 304.611 392.356 821.394
325.177 304.501 392.727 821.097
325.385 304.623 393.098 821.426
324.129 306.323 393.469 826.01
326.728 304.147 393.839 820.14
324.822 306.467 394.21 826.398
326.85 304.748 394.581 821.764
325.939 305.957 394.952 825.023
326.305 305.977 395.323 825.076
326.503 306.14 395.694 825.515
326.874 306.239 396.065 825.784
327.703 305.773 396.435 824.527
328.212 305.646 396.806 824.183
327.857 306.414 397.177 826.255
327.78 306.858 397.548 827.452
330.299 304.733 397.919 821.72
329.675 305.81 398.29 824.625
328.93 306.838 398.66 827.398
328.598 307.543 399.031 829.298
329.931 306.594 399.402 826.739
329.689 307.22 399.773 828.428
329.787 307.62 400.144 829.507
328.834 308.942 400.515 833.071
332.268 305.995 400.886 825.126
329.27 309.211 401.256 833.797
330.93 307.893 401.627 830.244
329.494 309.626 401.998 834.915
332.148 307.424 402.369 828.977
328.539 311.342 402.74 839.544
331.144 309.207 403.111 833.785
331.288 309.432 403.481 834.394
333.349 307.815 403.852 830.032
332.329 309.175 404.223 833.7
334.855 307.06 404.594 827.997
333.447 308.83 404.965 832.769
332.683 309.943 405.336 835.772
331.708 311.226 405.707 839.23
334.286 309.012 406.077 833.261
333.587 310.142 406.448 836.308
336.771 307.434 406.819 829.004
334.288 310.27 407.19 836.651
334.016 310.968 407.561 838.535
334.009 311.379 407.932 839.643
335.645 310.077 408.302 836.132
334.142 311.993 408.673 841.298
336.907 309.689 409.044 835.085
333.259 313.631 409.415 845.716
336.265 311.045 409.786 838.742
335.063 312.573 410.157 842.862
335.578 312.431 410.528 842.478
338.401 310.06 410.898 836.087
337.764 311.02 411.269 838.674
336.573 312.586 411.64 842.897
336.118 313.48 412.011 845.308
338.1 311.933 412.382 841.138
337.492 312.846 412.753 843.598
338.442 312.285 413.123 842.085
339.845 311.245 413.494 839.282
339.105 312.501 413.865 842.667
341.905 310.166 414.236 836.373
338.668 313.619 414.607 845.682
338.695 314.049 414.978 846.844
341.185 311.913 415.349 841.082
339.959 313.474 415.719 845.292
341.563 312.224 416.09 841.922
339.205 314.87 416.461 849.058
340.677 313.898 416.832 846.436
340.22 314.729 417.203 848.677
342.683 312.677 417.574 843.144
341.46 314.253 417.944 847.393
342.825 313.329 418.315 844.9
341.98 314.652 418.686 848.469
343.286 313.72 419.057 845.957
341.552 315.814 419.428 851.603
