#E_pot E_kin E_opt Temperature
10.2322 296.32 0 592.207
8.43741 295.831 0.500365 591.23
8.60282 296.178 1.00073 591.923
8.64824 296.743 1.5011 593.053
9.28977 296.642 2.00146 592.851
9.32115 297.134 2.50183 593.834
10.0898 296.835 3.00219 593.237
9.93632 297.475 3.50256 594.516
11.0209 297.052 4.00292 593.671
11.3737 297.276 4.50329 594.117
11.3293 297.803 5.00365 595.172
11.5032 298.106 5.50402 595.776
11.509 298.677 6.00439 596.917
12.3618 298.444 6.50475 596.452
12.5663 298.764 7.00512 597.091
13.0416 298.801 7.50548 597.165
12.9137 299.458 8.00585 598.478
12.7006 300.029 8.50621 599.62
13.4717 299.809 9.00658 599.179
13.3963 300.403 9.50694 600.368
14.5442 299.778 10.0073 599.117
14.1279 300.799 10.5077 601.158
14.6743 300.837 11.008 601.234
14.4806 301.526 11.5084 602.611
14.9886 301.509 12.0088 602.577
15.5902 301.489 12.5091 602.538
16.2556 301.312 13.0095 602.184
16.08 302.001 13.5099 603.56
16.3081 302.164 14.0102 603.888
16.2535 302.793 14.5106 605.144
16.6843 302.912 15.011 605.381
16.9985 303.052 15.5113 605.662
17.6987 302.995 16.0117 605.547
18.2352 303 16.5121 605.558
18.2201 303.552 17.0124 606.66
18.0403 304.218 17.5128 607.992
19.133 303.704 18.0132 606.964
18.7185 304.704 18.5135 608.963
18.6623 305.29 19.0139 610.135
19.9375 304.615 19.5143 608.785
20.2068 304.894 20.0146 609.342
21.4629 304.212 20.515 607.979
20.3768 305.801 21.0153 611.154
21.1927 305.539 21.5157 610.631
21.1625 306.114 22.0161 611.781
22.3757 305.478 22.5164 610.509
22.4494 305.865 23.0168 611.283
22.4478 306.359 23.5172 612.271
23.8795 305.451 24.0175 610.456
23.7487 306.179 24.5179 611.91
24.3308 306.02 25.0183 611.594
24.1157 306.754 25.5186 613.06
25.1548 306.303 26.019 612.159
25.0609 306.914 26.5194 613.38
25.0329 307.363 27.0197 614.278
25.7414 307.165 27.5201 613.882
25.8439 307.625 28.0205 614.801
25.7347 308.243 28.5208 616.036
25.9395 308.567 29.0212 616.683
27.3402 307.72 29.5216 614.99
26.7561 308.794 30.0219 617.137
28.24 307.959 30.5223 615.468
28.3103 308.348 31.0227 616.245
27.7833 309.394 31.523 618.335
28.8879 308.755 32.0234 617.059
27.6056 310.493 32.5238 620.533
29.2565 309.405 33.0241 618.357
29.0562 310.013 33.5245 619.573
29.052 310.631 34.0249 620.809
30.1578 310.069 34.5252 619.685
29.9582 310.859 35.0256 621.265
29.4893 311.791 35.5259 623.127
30.3641 311.52 36.0263 622.585
31.0932 311.296 36.5267 622.136
31.6436 311.321 37.027 622.188
31.1605 312.203 37.5274 623.95
31.6282 312.322 38.0278 624.188
32.0867 312.339 38.5281 624.222
32.3475 312.602 39.0285 624.747
32.5534 312.976 39.5289 625.495
32.8483 313.179 40.0292 625.9
33.0106 313.546 40.5296 626.634
33.2233 313.793 41.03 627.129
34.0753 313.444 41.5303 626.429
34.6129 313.523 42.0307 626.587
33.8084 314.776 42.5311 629.093
34.8008 314.31 43.0314 628.161
34.8623 314.755 43.5318 629.051
35.6569 314.633 44.0322 628.807
35.3824 315.364 44.5325 630.267
35.8116 315.471 45.0329 630.481
35.4425 316.26 45.5333 632.059
36.1231 316.092 46.0336 631.722
36.2999 316.418 46.534 632.373
37.0002 316.259 47.0344 632.057
36.1199 317.637 47.5347 634.811
37.1954 317.116 48.0351 633.768
37.3018 317.548 48.5354 634.632
37.4909 317.765 49.0358 635.066
38.8378 316.935 49.5362 633.407
38.1993 318.076 50.0365 635.687
39.0593 317.789 50.5369 635.114
39.0238 318.256 51.0373 636.046
39.9375 317.816 51.5376 635.168
39.78 318.475 52.038 636.485
39.3006 319.434 52.5384 638.402
40.807 318.555 53.0387 636.645
41.3959 318.592 53.5391 636.719
40.2039 320.239 54.0395 640.011
41.2022 319.728 54.5398 638.988
41.5684 319.857 55.0402 639.247
40.1401 321.729 55.5406 642.989
42.3928 320.161 56.0409 639.855
41.9363 321.131 56.5413 641.792
43.3744 320.244 57.0417 640.02
42.2193 321.939 57.542 643.407
44.4845 320.213 58.0424 639.959
44.1791 321.059 58.5428 641.648
43.1138 322.605 59.0431 644.738
43.2654 322.911 59.5435 645.349
42.9531 323.674 60.0439 646.876
43.6961 323.516 60.5442 646.559
44.5512 323.123 61.0446 645.775
44.9888 323.316 61.545 646.159
45.5691 323.207 62.0453 645.941
44.456 324.814 62.5457 649.153
46.1988 323.691 63.046 646.909
45.597 324.777 63.5464 649.08
46.9002 323.983 64.0468 647.494
47.0636 324.327 64.5471 648.181
48.298 323.644 65.0475 646.816
47.2884 325.148 65.5479 649.821
47.8858 324.979 66.0482 649.483
49.8552 323.605 66.5486 646.737
49.1384 324.783 67.049 649.092
49.8838 324.682 67.5493 648.89
49.6635 325.415 68.0497 650.355
50.2498 325.349 68.5501 650.223
49.9183 326.109 69.0504 651.741
49.9914 326.455 69.5508 652.434
50.77 326.273 70.0512 652.069
50.3799 327.169 70.5515 653.861
50.6965 327.386 71.0519 654.295
51.1205 327.44 71.5523 654.403
52.0047 327.125 72.0526 653.773
52.7964 326.877 72.553 653.277
52.6797 327.538 73.0534 654.598
54.404 326.395 73.5537 652.314
53.7894 327.447 74.0541 654.416
53.6625 328.068 74.5545 655.656
54.2797 327.942 75.0548 655.404
54.202 328.513 75.5552 656.546
54.6215 328.622 76.0555 656.763
54.9149 328.939 76.5559 657.397
54.4481 329.84 77.0563 659.198
55.6225 329.204 77.5566 657.927
55.2979 330.063 78.057 659.643
55.5051 330.31 78.5574 660.137
55.8897 330.45 79.0577 660.417
57.1988 329.741 79.5581 659
58.8722 328.541 80.0585 656.602
57.712 330.231 80.5588 659.981
57.688 330.809 81.0592 661.134
57.0115 331.925 81.5596 663.365
58.085 331.284 82.0599 662.083
58.2122 331.748 82.5603 663.012
58.1537 332.267 83.0607 664.049
57.474 333.492 83.561 666.496
60.3613 331.101 84.0614 661.718
57.9511 333.919 84.5618 667.351
58.8891 333.567 85.0621 666.646
59.8338 333.131 85.5625 665.776
59.7141 333.788 86.0629 667.088
60.0276 334.025 86.5632 667.562
60.5316 333.998 87.0636 667.508
61.1227 333.902 87.564 667.315
60.9637 334.528 88.0643 668.568
61.2979 334.752 88.5647 669.014
62.0112 334.627 89.0651 668.766
62.968 334.082 89.5654 667.676
62.5164 335.055 90.0658 669.621
63.2003 334.853 90.5661 669.217
64.1329 334.45 91.0665 668.411
64.4314 334.687 91.5669 668.885
65.7037 333.95 92.0672 667.411
65.7639 334.458 92.5676 668.428
65.2356 335.429 93.068 670.369
64.619 336.505 93.5683 672.519
64.6668 337.138 94.0687 673.783
65.6729 336.59 94.5691 672.689
65.9495 336.83 95.0694 673.168
66.0203 337.2 95.5698 673.907
66.4058 337.363 96.0702 674.234
67.3853 336.987 96.5705 673.481
66.9029 337.886 97.0709 675.278
68.7933 336.544 97.5713 672.596
69.6918 336.241 98.0716 671.991
71.1703 335.351 98.572 670.211
70.7367 336.267 99.0724 672.043
70.6154 336.967 99.5727 673.441
69.8156 338.248 100.073 676.002
70.5413 338.034 100.573 675.574
71.2019 337.907 101.074 675.32
71.5233 338.095 101.574 675.695
71.544 338.653 102.075 676.812
71.9509 338.761 102.575 677.027
72.1168 339.15 103.075 677.804
72.7421 338.92 103.576 677.345
73.2736 338.948 104.076 677.4
73.9289 338.806 104.576 677.117
74.23 338.983 105.077 677.472
74.7882 338.906 105.577 677.316
74.4188 339.745 106.077 678.994
74.6166 340.182 106.578 679.867
75.3132 340.078 107.078 679.659
76.7381 339.182 107.579 677.869
75.8568 340.53 108.079 680.563
76.6709 340.313 108.579 680.13
76.1527 341.341 109.08 682.183
76.7702 341.214 109.58 681.929
77.3656 341.248 110.08 681.998
77.1995 341.887 110.581 683.274
76.763 342.832 111.081 685.162
77.7954 342.341 111.581 684.183
79.2424 341.469 112.082 682.439
78.8515 342.396 112.582 684.291
78.6019 343.076 113.083 685.651
80.2928 341.96 113.583 683.42
79.5804 343.19 114.083 685.878
80.6358 342.68 114.584 684.86
80.7394 343.14 115.084 685.778
82.1263 342.225 115.584 683.95
82.2946 342.626 116.085 684.752
82.5969 342.785 116.585 685.07
82.5761 343.337 117.086 686.172
83.677 342.699 117.586 684.898
84.5112 342.361 118.086 684.222
85.1206 342.219 118.587 683.938
83.8002 344.042 119.087 687.581
84.2217 344.183 119.587 687.864
84.7909 344.098 120.088 687.694
83.0779 346.317 120.588 692.129
83.2963 346.601 121.088 692.695
84.1961 346.131 121.589 691.757
83.724 347.092 122.089 693.677
84.1943 347.304 122.59 694.101
85.2584 346.685 123.09 692.864
87.3117 345.121 123.59 689.738
85.187 347.707 124.091 694.906
86.1674 347.252 124.591 693.998
86.4666 347.413 125.091 694.318
87.5381 346.957 125.592 693.408
88.198 346.82 126.092 693.132
87.2449 348.274 126.592 696.039
89.1469 346.836 127.093 693.166
88.3678 348.225 127.593 695.941
88.9756 348.104 128.094 695.699
91.1712 346.516 128.594 692.526
87.7672 350.413 129.094 700.313
87.4785 351.302 129.595 702.091
88.1246 351.152 130.095 701.791
88.1848 351.577 130.595 702.641
89.1226 351.139 131.096 701.764
90.3635 350.443 131.596 700.374
89.4402 351.859 132.096 703.203
89.2558 352.588 132.597 704.661
91.5012 350.842 133.097 701.172
90.426 352.406 133.598 704.298
92.0873 351.352 134.098 702.191
91.6833 352.27 134.598 704.026
91.4744 352.997 135.099 705.479
93.469 351.537 135.599 702.56
93.2519 352.241 136.099 703.966
93.9969 351.887 136.6 703.259
93.3622 353.057 137.1 705.598
93.5178 353.326 137.601 706.135
94.1923 353.15 138.101 705.783
96.1728 351.796 138.601 703.078
95.5343 352.878 139.102 705.24
96.84 352.133 139.602 703.751
94.8413 354.61 140.102 708.703
97.171 352.844 140.603 705.173
96.1092 354.358 141.103 708.197
96.1465 354.864 141.603 709.209
96.5478 354.92 142.104 709.322
95.4806 356.437 142.604 712.353
96.7465 355.713 143.105 710.907
96.089 356.796 143.605 713.072
97.0066 356.484 144.105 712.447
98.1872 355.918 144.606 711.316
99.439 355.135 145.106 709.752
99.2231 355.853 145.606 711.186
100.912 354.694 146.107 708.87
101.273 354.849 146.607 709.18
100.927 355.716 147.107 710.913
101.229 355.877 147.608 711.235
101.698 355.966 148.108 711.412
101.174 356.927 148.609 713.333
101.639 356.925 149.109 713.329
101.514 357.552 149.609 714.582
102.786 356.859 150.11 713.196
102.733 357.399 150.61 714.276
103.761 356.991 151.11 713.461
104.134 357.109 151.611 713.696
104.873 356.95 152.111 713.378
104.842 357.503 152.611 714.485
104.749 358.097 153.112 715.67
104.943 358.435 153.612 716.346
104.669 359.191 154.113 717.857
106.056 358.301 154.613 716.079
105.23 359.647 155.113 718.768
105.596 359.843 155.614 719.161
106.018 359.922 156.114 719.318
106.63 359.83 156.614 719.134
106.022 360.904 157.115 721.281
107.095 360.284 157.615 720.043
106.075 361.752 158.115 722.976
107.103 361.216 158.616 721.904
110.384 358.42 159.116 716.316
110.135 359.153 159.617 717.781
110.585 359.323 160.117 718.121
109.481 360.9 160.617 721.273
111.585 359.32 161.118 718.116
112.414 358.98 161.618 717.435
112.635 359.263 162.118 718.001
111.68 360.779 162.619 721.031
111.791 361.087 163.119 721.647
111.943 361.378 163.62 722.229
113.654 360.228 164.12 719.93
113.046 361.351 164.62 722.175
113.158 361.844 165.121 723.159
114.834 360.72 165.621 720.913
113.478 362.574 166.121 724.619
113.002 363.573 166.622 726.616
114.241 362.835 167.122 725.139
113.513 364.099 167.622 727.667
113.421 364.664 168.123 728.795
116.412 362.276 168.623 724.023
116.163 363.037 169.124 725.545
117.301 362.44 169.624 724.351
115.819 364.435 170.124 728.337
117.165 363.66 170.625 726.789
118.349 362.939 171.125 725.348
118.318 363.526 171.625 726.522
117.805 364.555 172.126 728.577
118.338 364.553 172.626 728.574
118.123 365.292 173.126 730.051
117.354 366.466 173.627 732.396
118.941 365.393 174.127 730.252
120.681 364.103 174.628 727.675
119.323 365.967 175.128 731.399
120.307 365.611 175.628 730.687
119.857 366.588 176.129 732.641
120.714 366.256 176.629 731.976
119.921 367.542 177.129 734.548
120.345 367.635 177.63 734.733
120.221 368.169 178.13 735.8
119.418 369.516 178.63 738.493
123.775 365.721 179.131 730.908
124.476 365.508 179.631 730.482
124.24 366.305 180.132 732.075
123.623 367.381 180.632 734.225
126.006 365.519 181.132 730.503
126.299 365.819 181.633 731.105
126.276 366.327 182.133 732.119
128.069 365.07 182.633 729.608
126.912 366.827 183.134 733.118
127.84 366.353 183.634 732.171
128.332 366.382 184.134 732.229
129.052 366.145 184.635 731.755
128.801 366.912 185.135 733.288
131.112 365.268 185.636 730.002
130.807 366.072 186.136 731.61
128.966 368.461 186.636 736.383
129.276 368.647 187.137 736.755
127.605 370.754 187.637 740.967
128.747 370.141 188.137 739.742
127.346 372.066 188.638 743.589
128.604 371.391 189.138 742.24
127.606 372.86 189.639 745.175
128.526 372.413 190.139 744.283
131.615 369.919 190.639 739.297
129.985 371.987 191.14 743.432
130.047 372.442 191.64 744.34
129.927 373.032 192.14 745.52
130.427 373.063 192.641 745.582
131.053 372.963 193.141 745.382
132.426 372.053 193.641 743.562
133.675 371.4 194.142 742.258
133.09 372.462 194.642 744.38
134.961 371.11 195.143 741.678
133.852 372.796 195.643 745.048
134.223 372.903 196.143 745.262
135.34 372.295 196.644 744.046
135.177 372.921 197.144 745.297
135.321 373.144 197.644 745.742
136.093 372.975 198.145 745.405
135.568 373.953 198.645 747.359
137.67 372.301 199.145 744.059
137.649 372.743 199.646 744.941
139.147 371.847 200.146 743.151
139.133 372.426 200.647 744.309
138.011 374.045 201.147 747.544
140.23 372.378 201.647 744.212
138.201 374.831 202.148 749.115
141.116 372.433 202.648 744.323
140.15 373.948 203.148 747.351
139.127 375.391 203.649 750.233
141.56 373.504 204.149 746.463
143.182 372.409 204.649 744.274
143.142 372.909 205.15 745.273
142.497 374.032 205.65 747.517
142.755 374.372 206.151 748.196
143.277 374.419 206.651 748.292
144.06 374.163 207.151 747.779
143.914 374.862 207.652 749.176
146.281 373.022 208.152 745.5
145.704 374.038 208.652 747.53
145.317 374.936 209.153 749.323
147.698 373.019 209.653 745.492
148.78 372.43 210.153 744.316
148.854 372.948 210.654 745.351
148.886 373.459 211.154 746.372
150.058 372.859 211.655 745.174
151.928 371.527 212.155 742.51
154.071 369.943 212.655 739.345
153.08 371.432 213.156 742.321
151.57 373.509 213.656 746.472
154.698 370.957 214.156 741.373
152.639 373.391 214.657 746.237
152.573 374.003 215.157 747.46
152.51 374.585 215.658 748.623
154.941 372.668 216.158 744.791
155.574 372.517 216.658 744.491
156.004 372.662 217.159 744.779
156.833 372.388 217.659 744.233
157.898 371.937 218.159 743.331
157.045 373.278 218.66 746.01
158.263 372.638 219.16 744.732
160.188 371.223 219.66 741.904
158.423 373.48 220.161 746.414
161.124 371.386 220.661 742.23
160.231 372.708 221.162 744.872
160.747 372.714 221.662 744.883
159.541 374.4 222.162 748.253
159.713 374.753 222.663 748.958
161.504 373.507 223.163 746.469
161.271 374.309 223.663 748.071
160.51 375.586 224.164 750.624
160.815 375.864 224.664 751.179
160.451 376.724 225.164 752.898
160.097 377.68 225.665 754.807
160.009 378.29 226.165 756.027
159.498 379.223 226.666 757.891
161.381 377.923 227.166 755.294
165.447 374.426 227.666 748.304
163.306 377.06 228.167 753.569
163.932 376.962 228.667 753.373
165.669 375.761 229.167 750.974
167.609 374.398 229.668 748.249
167.646 374.849 230.168 749.149
167.969 374.982 230.668 749.417
163.806 379.667 231.169 758.78
166.911 377.076 231.669 753.601
167.547 377.072 232.17 753.594
167.087 378.042 232.67 755.532
167.795 377.903 233.17 755.254
169.055 377.151 233.671 753.751
172.986 373.764 234.171 746.982
171.287 375.951 234.671 751.353
172.83 374.924 235.172 749.301
173.214 375.039 235.672 749.53
173.693 375.06 236.172 749.573
173.904 375.363 236.673 750.177
174.539 375.271 237.173 749.993
173.031 377.259 237.674 753.968
171.412 379.396 238.174 758.238
173.177 378.186 238.674 755.819
172.811 379.039 239.175 757.524
173.478 378.93 239.675 757.307
175.606 377.499 240.175 754.446
176.746 376.948 240.676 753.346
176.511 377.517 241.176 754.483
179.17 375.421 241.677 750.293
178.148 376.887 242.177 753.223
179.835 375.798 242.677 751.048
177.823 378.42 243.178 756.287
176.491 380.192 243.678 759.83
179.778 377.522 244.178 754.493
181.868 375.899 244.679 751.248
179.782 378.488 245.179 756.423
181.858 377.007 245.679 753.464
181.171 378.242 246.18 755.932
181.536 378.308 246.68 756.064
181.583 378.781 247.181 757.009
182.783 378.024 247.681 755.496
183.671 377.656 248.181 754.761
183.281 378.528 248.682 756.504
185.507 376.937 249.182 753.324
184.237 378.657 249.682 756.761
185.664 377.759 250.183 754.966
188.23 375.795 250.683 751.041
187.185 377.331 251.183 754.111
186.269 378.758 251.684 756.963
187.297 378.322 252.184 756.09
187.508 378.583 252.685 756.614
188.016 378.589 253.185 756.624
188.195 378.961 253.685 757.367
188.784 378.902 254.186 757.25
190.634 377.546 254.686 754.54
192.217 376.589 255.186 752.627
190.918 378.388 255.687 756.224
192.692 377.155 256.187 753.758
195.326 375.074 256.687 749.601
195.201 375.63 257.188 750.711
195.929 375.477 257.688 750.405
195.883 375.986 258.189 751.423
198.09 374.328 258.689 748.109
197.293 375.59 259.189 750.631
200.583 372.861 259.69 745.177
197.556 376.287 260.19 752.024
197.493 376.892 260.69 753.233
197.805 377.032 261.191 753.514
198.466 376.858 261.691 753.166
200.244 375.563 262.191 750.577
200.961 375.339 262.692 750.131
200.092 376.704 263.192 752.857
201.827 375.513 263.693 750.477
202.691 375.088 264.193 749.627
203.732 374.6 264.693 748.652
203.245 375.61 265.194 750.671
203.41 375.874 265.694 751.198
201.845 378.001 266.194 755.449
202.4 377.971 266.695 755.39
203.203 377.707 267.195 754.862
200.454 381.001 267.696 761.445
202.859 379.113 268.196 757.673
204.579 377.817 268.696 755.083
207.497 375.511 269.197 750.473
205.706 377.823 269.697 755.095
205.05 379.096 270.197 757.638
203.402 381.214 270.698 761.871
203.017 382.049 271.198 763.539
204.048 381.476 271.698 762.394
204.485 381.482 272.199 762.406
204.303 382.26 272.699 763.961
205.445 381.616 273.2 762.675
206.015 381.659 273.7 762.761
204.509 383.516 274.2 766.472
204.94 383.688 274.701 766.816
204.074 385.023 275.201 769.483
208.812 380.771 275.701 760.986
210.503 379.612 276.202 758.67
207.591 383.049 276.702 765.539
208.098 383.062 277.202 765.564
208.325 383.352 277.703 766.145
208.298 383.884 278.203 767.208
207.379 385.323 278.704 770.084
208.69 384.539 279.204 768.516
209.154 384.611 279.704 768.66
209.343 384.931 280.205 769.3
211.946 382.903 280.705 765.247
212.884 382.501 281.205 764.443
212.869 383.027 281.706 765.495
213.383 383.179 282.206 765.798
211.485 385.515 282.706 770.467
212.529 384.96 283.207 769.357
211.225 386.769 283.707 772.974
211.724 386.792 284.208 773.018
212.987 386.051 284.708 771.539
219.567 380.041 285.208 759.526
221.486 378.56 285.709 756.568
222.01 378.638 286.209 756.723
220.784 380.459 286.709 760.362
220.632 381.039 287.21 761.521
220.898 381.388 287.71 762.218
218.343 384.367 288.211 768.172
217.675 385.544 288.711 770.525
216.159 387.636 289.211 774.705
219.427 384.873 289.712 769.185
221.083 383.769 290.212 766.978
218.523 386.734 290.712 772.904
220.299 385.631 291.213 770.699
219.512 386.841 291.713 773.116
220.909 385.996 292.213 771.427
219.517 387.988 292.714 775.41
222.867 385.162 293.214 769.761
221.973 386.6 293.715 772.634
220.687 388.426 294.215 776.285
223.4 386.169 294.715 771.774
222.763 387.257 295.216 773.948
223.808 386.682 295.716 772.8
221.9 389.061 296.216 777.553
224.916 386.625 296.717 772.685
223.73 388.295 297.217 776.024
222.787 389.76 297.717 778.95
225.967 387.12 298.218 773.674
228.731 384.845 298.718 769.128
229.341 384.724 299.219 768.886
230.018 384.463 299.719 768.365
228.166 386.768 300.219 772.971
226.864 388.543 300.72 776.519
230.038 385.838 301.22 771.113
227.812 388.497 301.72 776.426
231.911 385.082 302.221 769.601
232.953 384.486 302.721 768.411
234.316 383.692 303.221 766.824
234.775 383.837 303.722 767.113
232.438 386.573 304.222 772.582
233.723 385.878 304.723 771.193
232.464 387.533 305.223 774.5
231.118 389.411 305.723 778.253
233.95 387.148 306.224 773.73
235.645 386.09 306.724 771.615
235.378 386.902 307.224 773.239
235.523 387.262 307.725 773.959
235.725 387.713 308.225 774.86
238.136 385.817 308.725 771.07
238.023 386.516 309.226 772.467
238.832 386.213 309.726 771.861
237.637 387.859 310.227 775.151
237.43 388.635 310.727 776.703
238.869 387.667 311.227 774.767
240.301 386.754 311.728 772.943
237.167 390.251 312.228 779.932
236.403 391.526 312.728 782.481
235.254 393.179 313.229 785.784
237.395 391.614 313.729 782.657
240.223 389.366 314.23 778.164
236.226 393.77 314.73 786.965
236.741 393.705 315.23 786.835
239.588 391.336 315.731 782.1
240.937 390.552 316.231 780.533
243.612 388.411 316.731 776.254
244.114 388.532 317.232 776.496
242.085 390.998 317.732 781.424
242.699 390.879 318.232 781.186
248.015 386.079 318.733 771.593
247.639 386.904 319.233 773.243
247.526 387.502 319.734 774.439
246.756 388.678 320.234 776.788
247.007 388.937 320.734 777.306
247.237 389.136 321.235 777.703
243.726 393.175 321.735 785.776
242.872 394.618 322.235 788.66
245.727 392.318 322.736 784.064
246.507 392.016 323.236 783.459
246.849 392.058 323.736 783.544
246.582 392.877 324.237 785.181
247.771 392.176 324.737 783.779
249.939 390.471 325.238 780.372
247.904 392.969 325.738 785.364
251.589 389.806 326.238 779.043
252.301 389.554 326.739 778.539
254.128 388.343 327.239 776.118
257.856 385.156 327.739 769.749
255.78 387.779 328.24 774.991
254.067 389.906 328.74 779.243
255.171 389.354 329.24 778.139
253.563 391.405 329.741 782.238
256.751 388.792 330.241 777.016
254.531 391.444 330.742 782.315
255.538 390.995 331.242 781.419
255.723 391.375 331.742 782.179
258.838 388.779 332.243 776.991
260.09 387.969 332.743 775.372
258.741 389.748 333.243 778.926
259.954 389.146 333.744 777.723
257.395 392.134 334.244 783.696
259.611 390.479 334.744 780.387
261.969 388.566 335.245 776.564
261.775 389.311 335.745 778.054
260.246 391.261 336.246 781.95
261.19 390.867 336.746 781.163
261.504 391.034 337.246 781.497
265.383 387.815 337.747 775.063
265.149 388.528 338.247 776.489
264.31 389.805 338.747 779.04
267 387.607 339.248 774.649
267.757 387.394 339.748 774.221
266.41 389.286 340.249 778.003
268.789 387.443 340.749 774.321
270.946 385.868 341.249 771.172
271.075 386.226 341.75 771.887
269.035 388.843 342.25 777.117
267.466 390.917 342.75 781.263
269.841 389.084 343.251 777.6
272.179 387.275 343.751 773.984
272.422 387.506 344.251 774.446
271.54 388.896 344.752 777.224
272.943 388.038 345.252 775.508
270.726 390.797 345.753 781.023
272.409 389.628 346.253 778.688
273.161 389.342 346.753 778.116
275.68 387.364 347.254 774.162
273.042 390.512 347.754 780.454
274.524 389.55 348.254 778.532
275.428 389.109 348.755 777.65
273.712 391.345 349.255 782.118
272.072 393.467 349.755 786.358
273.643 392.421 350.256 784.269
274.221 392.426 350.756 784.279
274.311 392.841 351.257 785.109
275.164 392.523 351.757 784.473
273.581 394.514 352.257 788.452
274.34 394.298 352.758 788.021
277.075 392.104 353.258 783.636
277.608 392.076 353.758 783.58
277.181 393.016 354.259 785.458
278.415 392.281 354.759 783.989
278.843 392.462 355.259 784.351
277.417 394.338 355.76 788.101
281.032 391.247 356.26 781.923
283.58 389.203 356.761 777.838
284.611 388.801 357.261 777.035
285.81 388.169 357.761 775.771
286.804 387.721 358.262 774.876
284.598 390.368 358.762 780.165
285.189 390.3 359.262 780.03
285.54 390.432 359.763 780.294
286.332 390.231 360.263 779.892
287.924 389.16 360.763 777.752
286.706 390.852 361.264 781.133
284.851 393.156 361.764 785.738
285.676 392.814 362.265 785.054
285.434 393.6 362.765 786.625
285.91 393.65 363.265 786.725
290.358 389.735 363.766 778.901
289.336 391.254 364.266 781.937
287.809 393.229 364.766 785.884
289.706 391.849 365.267 783.126
291.842 390.234 365.767 779.898
292.396 390.221 366.268 779.872
288.818 394.311 366.768 788.046
292.812 390.861 367.268 781.152
293.124 391.044 367.769 781.517
294.469 390.245 368.269 779.919
296.344 388.94 368.769 777.311
296.907 388.765 369.27 776.963
296.362 389.897 369.77 779.225
295.597 391.224 370.27 781.876
294.771 392.551 370.771 784.529
297.611 390.291 371.271 780.012
301.789 386.67 371.772 772.775
301.6 387.391 372.272 774.216
302.698 386.871 372.772 773.177
298.478 391.524 373.273 782.477
298.649 391.781 373.773 782.99
301.33 389.644 374.273 778.719
299.175 392.313 374.774 784.053
301.418 390.61 375.274 780.649
304.156 388.499 375.774 776.431
305.885 387.32 376.275 774.074
307.116 386.621 376.775 772.677
309.368 384.885 377.276 769.208
307.65 387.046 377.776 773.527
306.986 388.214 378.276 775.861
304.734 390.956 378.777 781.34
305.764 390.449 379.277 780.328
304.799 391.99 379.777 783.408
303.631 393.583 380.278 786.591
306.439 391.409 380.778 782.246
305.59 392.696 381.278 784.818
304.075 394.801 381.779 789.025
306.832 392.643 382.279 784.712
308.127 391.827 382.78 783.081
310.146 390.271 383.28 779.971
309.191 391.715 383.78 782.859
311.241 390.244 384.281 779.917
313.188 388.832 384.781 777.096
312.291 390.245 385.281 779.92
306.748 396.294 385.782 792.009
310.321 393.266 386.282 785.958
313.084 391.039 386.782 781.508
312.563 392.015 387.283 783.458
312.206 392.949 387.783 785.323
308.998 396.634 388.284 792.689
309.561 396.646 388.784 792.712
310.04 396.568 389.284 792.557
313.61 393.479 389.785 786.384
312.395 395.191 390.285 789.805
314.852 393.293 390.785 786.011
316.541 392.108 391.286 783.642
316.627 392.594 391.786 784.614
317.193 392.582 392.287 784.59
316.163 394.108 392.787 787.641
316.139 394.617 393.287 788.658
317.632 393.733 393.788 786.891
318.008 393.849 394.288 787.123
320.125 392.233 394.788 783.892
316.036 396.812 395.289 793.044
316.399 397.012 395.789 793.445
317.555 396.373 396.289 792.167
314.803 399.631 396.79 798.678
316.33 398.739 397.29 796.895
319.18 396.402 397.791 792.225
318.283 397.823 398.291 795.064
319.641 396.956 398.791 793.333
321.873 395.241 399.292 789.904
323.049 394.609 399.792 788.642
325.375 392.819 400.292 785.063
325.202 393.61 400.793 786.645
326.124 393.077 401.293 785.58
324.79 394.862 401.793 789.148
324.054 396.071 402.294 791.563
322.449 398.24 402.794 795.897
323.612 397.52 403.295 794.459
323.23 398.405 403.795 796.228
327.455 394.775 404.295 788.972
328.522 394.141 404.796 787.707
328.109 395.068 405.296 789.559
328.984 394.676 405.796 788.776
330.647 393.524 406.297 786.474
331.7 392.942 406.797 785.31
333.259 391.893 407.297 783.214
334.761 390.913 407.798 781.255
333.61 392.606 408.298 784.639
335.541 391.17 408.799 781.769
335.593 391.751 409.299 782.93
336.799 391.182 409.799 781.793
332.526 395.813 410.3 791.049
335.627 393.32 410.8 786.066
335.388 394.094 411.3 787.612
337.787 392.339 411.801 784.104
338.807 391.789 412.301 783.005
339.85 391.355 412.802 782.139
340.092 391.537 413.302 782.503
341.874 390.249 413.802 779.929
344.471 388.183 414.303 775.799
341.874 391.393 414.803 782.214
344.307 389.55 415.303 778.531
345.412 389.02 415.804 777.471
343.923 390.874 416.304 781.177
344.344 390.867 416.804 781.162
342.559 393.069 417.305 785.565
347.307 388.917 417.805 777.267
347.405 389.384 418.306 778.199
346.527 390.81 418.806 781.05
345.975 391.909 419.306 783.245
347.123 391.287 419.807 782.002
346.54 392.328 420.307 784.082
348.459 391.121 420.807 781.67
348.648 391.342 421.308 782.112
352.954 387.593 421.808 774.62
352.626 388.466 422.308 776.364
353.606 387.958 422.809 775.349
354.088 388.037 423.309 775.507
353.785 388.957 423.81 777.345
359.74 383.527 424.31 766.494
358.022 385.825 424.81 771.087
361.563 382.903 425.311 765.247
362.207 382.796 425.811 765.034
361.958 383.497 426.311 766.433
364.325 381.628 426.812 762.698
363.031 383.452 427.312 766.344
365.706 381.257 427.812 761.957
369.487 378.008 428.313 755.463
369.028 379.075 428.813 757.597
369.287 379.256 429.314 757.958
371.688 377.461 429.814 754.37
372.925 376.759 430.314 752.967
373.157 377.002 430.815 753.453
375.739 374.909 431.315 749.27
378.126 373.12 431.815 745.694
376.308 375.507 432.316 750.466
378.304 373.96 432.816 747.374
379.127 373.767 433.316 746.987
378.193 375.111 433.817 749.675
378.922 374.917 434.317 749.286
377.51 376.813 434.818 753.077
380.295 374.509 435.318 748.47
378.867 376.388 435.818 752.226
378.222 377.585 436.319 754.618
380.457 375.796 436.819 751.043
381.435 375.313 437.319 750.078
382.729 374.731 437.82 748.914
383.275 374.743 438.32 748.938
382.214 376.312 438.821 752.073
380.682 378.236 439.321 755.92
382.294 377.135 439.821 753.719
381.573 378.279 440.322 756.005
383.575 376.895 440.822 753.239
385.19 375.856 441.322 751.163
384.606 376.952 441.823 753.352
385.302 376.786 442.323 753.022
386.375 376.287 442.823 752.024
383.888 379.265 443.324 757.976
385.3 378.375 443.824 756.198
386.299 377.753 444.325 754.955
388.609 376.027 444.825 751.504
388.242 376.899 445.325 753.248
386.446 379.222 445.826 757.89
388.33 377.951 446.326 755.349
388.766 377.991 446.826 755.429
388.983 378.303 447.327 756.053
389.791 378.053 447.827 755.553
389.424 378.877 448.327 757.201
388.597 380.32 448.828 760.085
389.448 380.043 449.328 759.532
389.524 380.442 449.829 760.329
389.979 380.474 450.329 760.392
391.433 379.536 450.829 758.517
390.473 380.921 451.33 761.286
392.464 379.497 451.83 758.439
390.729 381.61 452.33 762.662
391.748 381.19 452.831 761.824
393.82 379.645 453.331 758.735
392.435 381.506 453.831 762.455
393.957 380.519 454.332 760.482
393.024 381.944 454.832 763.33
393.063 382.503 455.333 764.447
393.132 382.913 455.833 765.267
391.795 384.607 456.333 768.652
392.271 384.737 456.834 768.912
396.756 380.739 457.334 760.923
396.027 381.957 457.834 763.355
395.537 383.092 458.335 765.624
396.247 382.853 458.835 765.147
396.552 383.062 459.335 765.565
396.216 383.968 459.836 767.376
396.23 384.521 460.336 768.48
399.675 381.552 460.837 762.547
398.871 382.897 461.337 765.235
397.533 384.709 461.837 768.857
399.837 383.028 462.338 765.497
400.183 383.22 462.838 765.879
401.208 382.644 463.338 764.729
399.857 384.623 463.839 768.685
399.035 385.807 464.339 771.051
400.212 385.098 464.84 769.633
400.444 385.368 465.34 770.173
398.842 387.439 465.84 774.312
399.806 386.966 466.341 773.368
402.238 385.125 466.841 769.687
403.791 384.018 467.341 767.475
402.185 386.046 467.842 771.527
402.891 385.897 468.342 771.23
403.596 385.568 468.842 770.572
403.568 386.14 469.343 771.715
403.65 386.551 469.843 772.537
402.807 387.833 470.344 775.099
400.931 390.263 470.844 779.955
406.026 385.79 471.344 771.017
403.388 388.973 471.845 777.377
405.905 386.994 472.345 773.422
403.437 390 472.845 779.43
403.31 390.634 473.346 780.698
404.359 390.091 473.846 779.612
406.288 388.721 474.346 776.874
407.149 388.327 474.847 776.087
407.195 388.82 475.347 777.071
409.752 386.89 475.848 773.216
407.289 389.77 476.348 778.97
408.482 389.098 476.848 777.627
408.654 389.368 477.349 778.166
409.974 388.682 477.849 776.796
408.193 390.886 478.349 781.2
407.273 392.371 478.85 784.169
407.721 392.461 479.35 784.348
407.866 392.799 479.85 785.025
411.354 389.943 480.351 779.317
409.719 392.033 480.851 783.493
410.947 391.293 481.352 782.014
409.991 392.745 481.852 784.916
412.983 390.36 482.352 780.149
413.024 390.814 482.853 781.057
412.74 391.567 483.353 782.563
413.994 390.874 483.853 781.178
412.779 392.62 484.354 784.666
414.527 391.358 484.854 782.144
413.141 393.271 485.354 785.968
416.29 390.778 485.855 780.985
412.693 394.831 486.355 789.085
413.551 394.56 486.856 788.543
415.625 392.94 487.356 785.306
415.855 393.237 487.856 785.9
415.615 394.009 488.357 787.442
416.033 394.117 488.857 787.659
415.92 394.669 489.357 788.762
416.763 394.388 489.858 788.2
414.604 397.005 490.358 793.429
418.255 393.911 490.859 787.247
415.741 396.89 491.359 793.199
418.571 394.611 491.859 788.645
415.538 398.04 492.36 795.498
417.657 396.463 492.86 792.347
416.701 397.862 493.36 795.144
421.71 393.405 493.861 786.236
421.627 393.995 494.361 787.415
419.764 396.363 494.861 792.147
419.449 397.309 495.362 794.037
418.06 399.218 495.862 797.854
419.533 398.261 496.363 795.94
420.658 397.594 496.863 794.606
418.796 399.915 497.363 799.245
421.403 397.867 497.864 795.153
423.482 396.35 498.364 792.121
420.868 399.345 498.864 798.106
421.627 399.173 499.365 797.763
423.834 397.529 499.865 794.477
426.525 395.405 500.365 790.232
426.5 395.923 500.866 791.267
425.031 397.885 501.366 795.189
423.98 399.445 501.867 798.306
425.29 398.664 502.367 796.746
426.974 397.6 502.867 794.619
425.77 399.167 503.368 797.752
425.47 400.025 503.868 799.466
427.107 398.931 504.368 797.279
426.266 400.3 504.869 800.015
426.271 400.823 505.369 801.06
426.149 401.479 505.869 802.372
426.596 401.563 506.37 802.539
427.704 400.935 506.87 801.284
429.297 399.804 507.371 799.024
427.363 402.272 507.871 803.956
430.192 400.024 508.371 799.464
429.812 400.962 508.872 801.338
429.579 401.582 509.372 802.577
429.535 402.167 509.872 803.746
430.656 401.579 510.373 802.572
430.302 402.552 510.873 804.516
429.948 403.349 511.373 806.11
431.835 402.156 511.874 803.724
430.584 403.901 512.374 807.212
431.797 403.244 512.875 805.899
432.84 402.801 513.375 805.014
431.512 404.589 513.875 808.586
433.451 403.288 514.376 805.986
436.589 400.599 514.876 800.612
433.034 404.621 515.376 808.651
434.466 403.771 515.877 806.952
434.452 404.303 516.377 808.016
435.548 403.716 516.878 806.843
436.327 403.527 517.378 806.465
435.395 404.909 517.878 809.227
435.316 405.452 518.379 810.313
438.18 403.165 518.879 805.741
435.519 406.196 519.379 811.799
436.619 405.578 519.88 810.563
438.244 404.614 520.38 808.636
438.065 405.274 520.88 809.956
440.724 403.131 521.381 805.673
439.104 405.276 521.881 809.96
440.344 404.558 522.382 808.525
439.717 405.798 522.882 811.004
439.587 406.321 523.382 812.048
440.98 405.481 523.883 810.37
440.956 405.962 524.383 811.33
439.233 408.167 524.883 815.737
441.339 406.613 525.384 812.632
440.589 407.861 525.884 815.126
442.156 406.775 526.384 812.956
443.282 406.217 526.885 811.841
440.944 409.038 527.385 817.478
443.122 407.377 527.886 814.159
444.315 406.77 528.386 812.946
444.572 407.063 528.886 813.531
445.014 407.187 529.387 813.778
443.919 408.691 529.887 816.786
442.748 410.251 530.387 819.903
443.239 410.362 530.888 820.124
444.211 409.845 531.388 819.092
445.727 408.87 531.888 817.143
446.41 408.611 532.389 816.626
447.231 408.368 532.889 816.139
446.916 409.2 533.39 817.803
447.506 409.146 533.89 817.695
446.521 410.666 534.39 820.733
447.156 410.501 534.891 820.402
447.607 410.618 535.391 820.637
447.212 411.481 535.891 822.362
447.361 411.965 536.392 823.329
451.027 408.823 536.892 817.05
448.596 411.744 537.392 822.886
449.518 411.348 537.893 822.095
449.765 411.707 538.393 822.813
449.45 412.49 538.894 824.378
449.447 412.928 539.394 825.253
451.443 411.493 539.894 822.385
451.196 412.19 540.395 823.777
452.534 411.365 540.895 822.128
450.955 413.406 541.395 826.207
453.563 411.333 541.896 822.065
453.229 412.133 542.396 823.665
451.076 414.856 542.897 829.105
452.542 413.916 543.397 827.226
453.19 413.768 543.897 826.932
454.788 412.669 544.398 824.736
454.443 413.602 544.898 826.6
455.14 413.48 545.398 826.355
452.529 416.524 545.899 832.439
453.099 416.611 546.399 832.613
458.222 412.013 546.899 823.424
455.405 415.361 547.4 830.116
457.428 413.86 547.9 827.116
457.753 413.916 548.401 827.226
458.703 413.609 548.901 826.614
458.555 414.146 549.401 827.687
458.807 414.534 549.902 828.462
458.488 415.274 550.402 829.942
460.86 413.347 550.902 826.09
458.615 416.077 551.403 831.547
458.757 416.432 551.903 832.256
459.989 415.722 552.403 830.837
459.42 416.714 552.904 832.82
459.576 417.106 553.404 833.602
460.034 417.237 553.905 833.864
460.151 417.597 554.405 834.585
461.36 416.879 554.905 833.149
460.776 417.978 555.406 835.345
460.99 418.322 555.906 836.033
462.147 417.716 556.406 834.821
463.857 416.572 556.907 832.536
462.915 418.056 557.407 835.501
460.859 420.602 557.907 840.589
462.237 419.749 558.408 838.884
466.279 416.46 558.908 832.312
465.291 417.963 559.409 835.315
464.813 418.845 559.909 837.078
462.191 422.068 560.409 843.519
464.978 419.863 560.91 839.112
464.37 421.061 561.41 841.507
466.771 419.097 561.91 837.581
465.305 421.119 562.411 841.623
467.024 420.103 562.911 839.593
466.151 421.409 563.412 842.202
466.452 421.637 563.912 842.657
469.125 419.465 564.412 838.317
466.773 422.28 564.913 843.943
466.997 422.641 565.413 844.665
469.496 420.616 565.913 840.618
469.6 421.006 566.414 841.397
472.063 419.054 566.914 837.495
469.849 421.74 567.414 842.863
469.471 422.622 567.915 844.626
469.755 422.905 568.415 845.192
472.09 421.154 568.916 841.693
470.546 423.179 569.416 845.741
471.856 422.534 569.916 844.45
474.407 420.4 570.417 840.186
471.273 424.03 570.917 847.441
470.626 425.25 571.417 849.878
471.595 424.858 571.918 849.095
474.854 422.014 572.418 843.412
472.741 424.645 572.918 848.669
472.822 425.114 573.419 849.607
471.746 426.718 573.919 852.813
