#E_pot E_kin E_opt Temperature
-0.38063 392.151 0 596.856
-2.10126 390.946 0.657029 595.021
-2.34658 391.835 1.31406 596.374
-1.35278 391.536 1.97109 595.919
-1.40659 392.202 2.62811 596.932
-1.65219 393.131 3.28514 598.347
-0.155835 392.5 3.94217 597.387
-0.131458 393.107 4.5992 598.31
1.23371 392.463 5.25623 597.331
0.321344 394.091 5.91326 599.807
1.02127 394.073 6.57029 599.78
2.80286 393.009 7.22731 598.161
1.91182 394.569 7.88434 600.536
2.2137 394.811 8.54137 600.904
2.81117 395.001 9.1984 601.193
2.60838 395.786 9.85543 602.388
3.52809 395.601 10.5125 602.106
4.42638 395.364 11.1695 601.746
4.78422 395.634 11.8265 602.156
4.7658 396.378 12.4835 603.288
5.28351 396.503 13.1406 603.478
5.49096 396.971 13.7976 604.192
5.10307 397.994 14.4546 605.748
6.12511 397.71 15.1117 605.317
6.77505 397.717 15.7687 605.327
7.31657 397.794 16.4257 605.444
7.0975 398.701 17.0827 606.824
8.14451 398.297 17.7398 606.21
7.80426 399.218 18.3968 607.612
7.67552 400.024 19.0538 608.837
8.44702 399.947 19.7109 608.72
7.67346 401.374 20.3679 610.892
8.82861 400.933 21.0249 610.221
9.17633 401.225 21.6819 610.665
10.5921 400.576 22.339 609.678
9.6976 402.145 22.996 612.067
11.3175 401.314 23.653 610.802
11.3949 401.883 24.3101 611.667
11.2132 402.654 24.9671 612.84
11.2152 403.32 25.6241 613.854
12.3632 403.005 26.2811 613.376
11.602 404.379 26.9382 615.467
13.1893 403.445 27.5952 614.045
13.6268 403.786 28.2522 614.564
14.7273 403.4 28.9093 613.976
14.0763 404.661 29.5663 615.895
15.4473 404.064 30.2233 614.986
14.854 405.282 30.8803 616.841
17.6355 403.197 31.5374 613.667
15.8349 405.571 32.1944 617.281
17.3896 404.837 32.8514 616.163
17.5533 405.298 33.5085 616.864
17.7483 405.83 34.1655 617.675
17.5228 406.724 34.8225 619.036
18.6045 406.426 35.4795 618.582
19.1133 406.553 36.1366 618.776
19.6424 406.687 36.7936 618.98
19.8966 407.071 37.4506 619.564
19.8867 407.783 38.1077 620.647
20.2592 408.167 38.7647 621.232
19.8516 409.093 39.4217 622.642
20.3436 409.278 40.0787 622.923
21.3727 408.942 40.7358 622.412
22.6857 408.26 41.3928 621.373
22.848 408.902 42.0498 622.351
21.7301 410.596 42.7069 624.928
23.336 409.763 43.3639 623.661
23.2736 410.355 44.0209 624.563
23.0636 411.316 44.6779 626.024
23.432 411.633 45.335 626.507
23.7269 411.967 45.992 627.015
24.5724 411.941 46.649 626.975
25.783 411.502 47.3061 626.307
23.8675 413.955 47.9631 630.041
25.98 412.568 48.6201 627.93
26.1236 412.967 49.2771 628.538
26.261 413.636 49.9342 629.555
26.6745 413.959 50.5912 630.048
27.0645 414.161 51.2482 630.355
27.3367 414.584 51.9053 630.999
28.5227 414.052 52.5623 630.189
29.3486 413.985 53.2193 630.086
29.2907 414.747 53.8763 631.246
29.7217 414.9 54.5334 631.479
30.9312 414.381 55.1904 630.689
30.0379 415.851 55.8474 632.927
30.7316 415.826 56.5045 632.888
30.506 416.701 57.1615 634.221
31.6123 416.257 57.8185 633.544
32.5038 415.975 58.4755 633.116
31.8966 417.236 59.1326 635.035
33.2841 416.573 59.7896 634.026
33.5608 416.946 60.4466 634.594
33.8564 417.242 61.1037 635.043
35.1277 416.731 61.7607 634.267
35.0049 417.462 62.4177 635.379
34.4587 418.617 63.0747 637.137
36.1307 417.632 63.7318 635.637
36.1627 418.314 64.3888 636.676
36.0063 419.167 65.0458 637.974
36.3604 419.54 65.7029 638.541
35.9927 420.54 66.3599 640.064
37.525 419.65 67.0169 638.71
37.2046 420.623 67.6739 640.19
37.827 420.731 68.331 640.354
38.415 420.832 68.988 640.507
38.4492 421.475 69.645 641.486
38.4224 422.116 70.3021 642.462
38.7483 422.436 70.9591 642.949
38.8235 422.983 71.6161 643.782
41.2145 421.406 72.2731 641.381
41.2406 422.111 72.9302 642.454
41.702 422.383 73.5872 642.868
40.6288 424.174 74.2442 645.594
41.4601 424.092 74.9013 645.47
42.009 424.231 75.5583 645.681
43.0515 423.771 76.2153 644.981
43.609 423.97 76.8723 645.284
43.5556 424.719 77.5294 646.424
43.0418 425.951 78.1864 648.299
43.2467 426.431 78.8434 649.03
44.7048 425.558 79.5005 647.701
44.3687 426.478 80.1575 649.102
44.7626 426.734 80.8145 649.491
44.9166 427.276 81.4715 650.316
46.3007 426.573 82.1286 649.245
45.9899 427.522 82.7856 650.69
46.9312 427.299 83.4426 650.35
47.2203 427.764 84.0997 651.058
46.5376 429.052 84.7567 653.019
47.9018 428.402 85.4137 652.029
47.6756 429.34 86.0707 653.457
49.1238 428.613 86.7278 652.351
49.9328 428.437 87.3848 652.083
50.5397 428.5 88.0418 652.179
50.3397 429.402 88.6989 653.552
51.1463 429.34 89.3559 653.458
51.1854 429.963 90.0129 654.405
51.6274 430.309 90.6699 654.932
53.5592 428.974 91.327 652.9
52.5803 430.592 91.984 655.363
52.996 430.751 92.641 655.605
53.5733 431.128 93.2981 656.179
52.897 432.399 93.9551 658.112
54.1106 431.965 94.6121 657.452
54.3506 432.383 95.2691 658.089
54.563 432.811 95.9262 658.74
56.6528 431.447 96.5832 656.663
56.1122 432.667 97.2402 658.521
56.0988 433.323 97.8973 659.519
56.4339 433.743 98.5543 660.158
57.1778 433.685 99.2113 660.07
57.1515 434.378 99.8683 661.125
57.1182 435.085 100.525 662.201
56.2106 436.607 101.182 664.518
58.9379 434.634 101.839 661.515
57.8003 436.257 102.496 663.984
58.9857 435.887 103.153 663.421
58.9504 436.574 103.811 664.468
60.2414 435.956 104.468 663.527
60.5491 436.441 105.125 664.264
60.8471 436.905 105.782 664.971
60.2981 437.991 106.439 666.625
61.1827 437.799 107.096 666.331
62.3338 437.364 107.753 665.67
61.7725 438.614 108.41 667.572
63.2911 437.76 109.067 666.272
63.4058 438.419 109.724 667.276
62.9824 439.365 110.381 668.715
62.9242 440.148 111.038 669.907
64.0109 439.631 111.695 669.12
65.0813 439.197 112.352 668.46
66.2214 438.876 113.009 667.97
65.7454 440.001 113.666 669.684
67.3468 439.045 114.323 668.229
67.4964 439.543 114.98 668.987
67.2747 440.361 115.637 670.231
68.1989 440.091 116.294 669.82
68.5005 440.52 116.951 670.473
69.2156 440.473 117.608 670.402
68.9085 441.52 118.265 671.995
68.7903 442.201 118.922 673.032
68.8374 442.793 119.579 673.932
68.7755 443.636 120.236 675.215
70.6437 442.505 120.893 673.494
70.1734 443.614 121.55 675.182
71.9951 442.433 122.207 673.385
71.7782 443.351 122.864 674.782
71.2412 444.428 123.521 676.421
71.8224 444.591 124.178 676.669
73.2756 443.847 124.835 675.536
73.4392 444.235 125.492 676.128
73.8203 444.55 126.149 676.607
75.0151 444.017 126.807 675.796
74.2962 445.368 127.464 677.851
74.9874 445.404 128.121 677.907
73.9922 447.195 128.778 680.632
74.0914 447.688 129.435 681.383
76.5211 446.045 130.092 678.883
76.9905 446.239 130.749 679.178
78.0074 445.968 131.406 678.766
78.0941 446.526 132.063 679.615
78.7078 446.569 132.72 679.679
79.3061 446.579 133.377 679.695
80.2456 446.303 134.034 679.275
79.9867 447.305 134.691 680.8
79.9205 448.019 135.348 681.886
80.4986 448.156 136.005 682.095
80.9091 448.445 136.662 682.534
81.0621 448.969 137.319 683.333
82.1523 448.666 137.976 682.871
82.3016 449.197 138.633 683.68
83.7844 448.528 139.29 682.661
82.902 450.03 139.947 684.948
83.9062 449.834 140.604 684.648
83.7302 450.615 141.261 685.838
84.1565 450.895 141.918 686.264
83.7695 451.867 142.575 687.744
84.8666 451.488 143.232 687.166
85.8442 451.169 143.889 686.681
86.8995 450.763 144.546 686.063
86.8429 451.549 145.203 687.26
86.2784 452.803 145.86 689.168
86.7728 452.993 146.517 689.457
88.03 452.44 147.174 688.615
88.1789 452.973 147.831 689.427
86.7612 455.038 148.488 692.569
90.8824 451.543 149.145 687.25
88.3466 454.766 149.803 692.155
87.5338 456.25 150.46 694.414
88.3472 456.089 151.117 694.169
90.7201 454.45 151.774 691.675
89.9258 455.929 152.431 693.926
91.2862 455.328 153.088 693.011
92.2357 455.037 153.745 692.567
91.1575 456.78 154.402 695.22
92.0292 456.611 155.059 694.964
91.2142 457.953 155.716 697.006
93.1193 456.687 156.373 695.079
94.0824 456.439 157.03 694.701
94.3898 456.763 157.687 695.195
95.1876 456.852 158.344 695.331
95.0576 457.637 159.001 696.525
95.8588 457.492 159.658 696.304
95.1424 458.858 160.315 698.384
95.7612 458.898 160.972 698.444
95.1911 460.11 161.629 700.289
97.7065 458.236 162.286 697.436
97.0883 459.48 162.943 699.33
97.0886 460.222 163.6 700.46
97.9211 460.07 164.257 700.228
98.9735 459.673 164.914 699.624
99.1808 460.101 165.571 700.276
98.8392 461.135 166.228 701.849
99.7676 460.845 166.885 701.408
99.6882 461.571 167.542 702.512
99.4349 462.556 168.199 704.012
99.489 463.116 168.856 704.864
101.975 461.275 169.513 702.062
101.43 462.458 170.17 703.863
101.437 463.177 170.827 704.957
101.997 463.264 171.484 705.089
102.722 463.213 172.141 705.012
103.348 463.15 172.799 704.915
103.092 464.064 173.456 706.308
104.337 463.569 174.113 705.554
105.206 463.368 174.77 705.248
105.846 463.44 175.427 705.358
105.663 464.355 176.084 706.751
106.353 464.345 176.741 706.735
106.95 464.42 177.398 706.849
105.663 466.231 178.055 709.606
107.441 465.234 178.712 708.087
107.335 466.012 179.369 709.272
108.345 465.673 180.026 708.756
109.794 464.99 180.683 707.717
108.666 466.678 181.34 710.285
110.333 465.674 181.997 708.758
110.997 465.718 182.654 708.824
112.686 464.661 183.311 707.215
110.958 467.235 183.968 711.134
112.003 466.777 184.625 710.436
112.608 466.838 185.282 710.529
112.02 467.918 185.939 712.173
113.789 467.005 186.596 710.784
112.682 468.727 187.253 713.404
113.886 468.163 187.91 712.545
113.425 469.281 188.567 714.247
113.97 469.437 189.224 714.485
115.912 468.203 189.881 712.607
115.456 469.4 190.538 714.429
116.989 468.55 191.195 713.135
116.171 470.083 191.852 715.469
117.905 469.167 192.509 714.073
117.815 469.904 193.166 715.196
116.769 471.563 193.823 717.72
120.201 468.886 194.48 713.646
118.381 471.238 195.137 717.226
120.011 470.384 195.795 715.926
118.946 472.106 196.452 718.547
119.076 472.623 197.109 719.334
119.47 473.004 197.766 719.914
119.419 473.696 198.423 720.968
122.062 471.748 199.08 718.003
122.903 471.558 199.737 717.713
122.943 472.147 200.394 718.609
124.273 471.538 201.051 717.683
123.008 473.426 201.708 720.555
123.024 474.126 202.365 721.622
123.884 473.967 203.022 721.38
124.13 474.384 203.679 722.014
124.488 474.679 204.336 722.464
124.522 475.405 204.993 723.568
123.391 477.115 205.65 726.17
125.019 476.071 206.307 724.581
127.159 474.675 206.964 722.456
128.275 474.288 207.621 721.868
127.233 475.895 208.278 724.314
128.122 475.785 208.935 724.146
128.195 476.457 209.592 725.169
128.692 476.527 210.249 725.276
130.813 475.203 210.906 723.261
128.037 478.684 211.563 728.559
129.857 477.571 212.22 726.865
130.511 477.63 212.877 726.955
129.421 479.408 213.534 729.661
130.189 479.254 214.191 729.426
130.931 479.17 214.848 729.299
129.832 481.013 215.505 732.103
131.462 480.104 216.162 730.72
132.519 479.731 216.819 730.153
134.614 478.392 217.476 728.115
132.845 480.766 218.133 731.728
135.126 479.251 218.791 729.422
136.49 478.644 219.448 728.498
136.237 479.487 220.105 729.781
136.549 479.735 220.762 730.159
136.399 480.538 221.419 731.38
137.368 480.224 222.076 730.902
138.951 479.337 222.733 729.552
138.325 480.626 223.39 731.515
137.25 482.518 224.047 734.395
137.499 482.902 224.704 734.979
142.501 478.787 225.361 728.715
142.651 479.298 226.018 729.493
142.248 480.517 226.675 731.349
141.739 481.488 227.332 732.826
142.071 481.911 227.989 733.471
141.723 482.871 228.646 734.932
141.83 483.401 229.303 735.738
143.473 482.406 229.96 734.224
143.672 483.011 230.617 735.144
141.947 485.455 231.274 738.865
144.505 483.607 231.931 736.051
144.781 483.944 232.588 736.565
144.304 485.079 233.245 738.293
144.522 485.674 233.902 739.198
146.294 484.567 234.559 737.513
145.426 486.157 235.216 739.933
146.9 485.314 235.873 738.65
147.27 485.585 236.53 739.062
147.897 485.618 237.187 739.112
146.915 487.379 237.844 741.793
150.539 484.485 238.501 737.388
148.734 486.88 239.158 741.034
149.002 487.406 239.815 741.834
148.817 488.277 240.472 743.16
152.368 485.495 241.129 738.926
151.425 487.042 241.787 741.28
152.201 486.904 242.444 741.069
154.876 485.012 243.101 738.191
150.673 489.861 243.758 745.57
152.54 488.673 244.415 743.763
152.071 489.939 245.072 745.688
153.872 488.811 245.729 743.972
154.224 489.012 246.386 744.279
154.616 489.216 247.043 744.588
155.632 488.941 247.7 744.17
156.52 488.607 248.357 743.661
157.699 488.237 249.014 743.099
158.73 487.936 249.671 742.64
156.953 490.377 250.328 746.356
158.592 489.32 250.985 744.748
160.779 487.854 251.642 742.516
158.582 490.648 252.299 746.769
159.734 490.24 252.956 746.147
159.681 491.05 253.613 747.38
161.36 489.987 254.27 745.762
161.539 490.629 254.927 746.738
159.325 493.356 255.584 750.889
160.465 492.928 256.241 750.238
162.418 491.659 256.898 748.307
161.813 492.972 257.555 750.305
163.06 492.436 258.212 749.49
164.077 492.033 258.869 748.876
162.359 494.356 259.526 752.412
164.157 493.207 260.183 750.663
164.154 493.96 260.84 751.81
164.994 493.787 261.497 751.545
166.029 493.401 262.154 750.958
164.768 495.318 262.811 753.875
165.939 494.777 263.468 753.053
164.915 496.545 264.125 755.744
164.301 497.84 264.783 757.715
165.512 497.355 265.44 756.976
164.935 498.577 266.097 758.836
166.538 497.736 266.754 757.556
166.69 498.244 267.411 758.329
167.471 498.144 268.068 758.178
169.623 496.605 268.725 755.835
172.285 494.66 269.382 752.874
170.388 497.252 270.039 756.819
174.053 494.322 270.696 752.36
172.697 496.304 271.353 755.377
172.117 497.48 272.01 757.166
173.843 496.524 272.667 755.711
172.406 498.467 273.324 758.668
174.896 496.669 273.981 755.932
174.194 498.091 274.638 758.097
176.118 496.81 275.295 756.147
176.107 497.49 275.952 757.182
178.839 495.507 276.609 754.163
178.107 496.955 277.266 756.367
178.272 497.362 277.923 756.987
179.984 496.477 278.58 755.64
179.886 497.206 279.237 756.75
177.381 500.37 279.894 761.565
177.842 500.666 280.551 762.016
180.007 499.241 281.208 759.846
181.711 498.217 281.865 758.289
182.721 497.926 282.522 757.845
181.797 499.547 283.179 760.312
184.074 497.921 283.836 757.837
181.718 500.934 284.493 762.424
182.563 500.749 285.15 762.142
184.349 499.65 285.807 760.47
186.162 498.609 286.464 758.886
185.776 499.656 287.121 760.479
188.094 497.894 287.779 757.796
190.941 495.669 288.436 754.41
189.474 497.742 289.093 757.566
189.903 498.061 289.75 758.05
189.84 498.785 290.407 759.153
190.159 499.131 291.064 759.679
191.967 498.089 291.721 758.093
192.683 498.103 292.378 758.115
192.21 499.09 293.035 759.616
193.899 498.133 293.692 758.16
191.808 500.881 294.349 762.343
190.178 503.207 295.006 765.883
194.703 499.378 295.663 760.056
196.217 498.4 296.32 758.567
198.322 496.873 296.977 756.242
197.537 498.326 297.634 758.454
199.707 496.766 298.291 756.079
200.161 496.964 298.948 756.381
199.83 497.998 299.605 757.955
202.194 496.307 300.262 755.381
202.216 496.926 300.919 756.323
200.195 499.723 301.576 760.581
203.429 497.197 302.233 756.736
204.917 496.44 302.89 755.584
207.713 494.333 303.547 752.377
208.223 494.569 304.204 752.736
204.359 499.005 304.861 759.488
206.926 497.155 305.518 756.671
207.874 496.953 306.175 756.364
206.318 499.224 306.832 759.821
206.124 500.09 307.489 761.139
205.633 501.209 308.146 762.841
208.478 499.103 308.803 759.637
208.419 499.824 309.46 760.733
209.984 498.972 310.117 759.437
209.997 499.641 310.775 760.456
213.054 497.281 311.432 756.863
210.028 500.976 312.089 762.487
209.484 502.213 312.746 764.37
210.005 502.308 313.403 764.514
212.647 500.315 314.06 761.482
211.401 502.199 314.717 764.349
213.045 501.322 315.374 763.014
217.097 498.062 316.031 758.052
216.365 499.362 316.688 760.031
218.438 498.003 317.345 757.962
218.073 499.053 318.002 759.561
216.209 501.494 318.659 763.275
217.664 500.695 319.316 762.059
216.565 502.533 319.973 764.857
216.78 502.853 320.63 765.344
222.374 498.104 321.287 758.117
222.529 498.717 321.944 759.049
222.181 499.676 322.601 760.508
225.052 497.519 323.258 757.226
226.066 497.262 323.915 756.835
225.942 497.999 324.572 757.957
225.889 498.702 325.229 759.026
225.925 499.32 325.886 759.968
222.948 502.94 326.543 765.476
222.545 503.982 327.2 767.063
222.974 504.197 327.857 767.39
222.91 505 328.514 768.612
221.875 506.699 329.171 771.198
222.36 506.895 329.828 771.497
225.96 503.996 330.485 767.084
225.877 504.857 331.142 768.394
229.846 501.591 331.799 763.423
228.948 503.224 332.456 765.909
227.681 505.059 333.113 768.702
231.234 502.349 333.771 764.577
228.865 505.336 334.428 769.123
232.035 502.881 335.085 765.387
228.926 506.595 335.742 771.04
232.085 504.153 336.399 767.323
232.975 504.037 337.056 767.147
230.275 507.458 337.713 772.353
231.325 507.151 338.37 771.885
232.787 506.396 339.027 770.737
229.223 510.649 339.684 777.209
232.883 507.617 340.341 772.595
233.838 507.37 340.998 772.219
232.913 509.05 341.655 774.776
232.9 509.747 342.312 775.836
234.517 508.741 342.969 774.306
239.74 504.33 343.626 767.592
240.776 503.961 344.283 767.031
238.691 506.687 344.94 771.179
238.763 507.177 345.597 771.925
239.289 507.382 346.254 772.238
240.738 506.662 346.911 771.141
238.908 509.107 347.568 774.863
239.803 509.003 348.225 774.704
239.666 509.754 348.882 775.848
243.713 506.412 349.539 770.761
244.952 505.83 350.196 769.875
245.974 505.502 350.853 769.376
245.877 506.275 351.51 770.553
244.973 507.875 352.167 772.988
244.626 508.908 352.824 774.559
245.539 508.685 353.481 774.22
247.336 507.529 354.138 772.461
248.494 506.974 354.795 771.616
247.804 508.335 355.452 773.687
250.342 506.435 356.109 770.796
250.389 507.164 356.767 771.906
253.336 504.879 357.424 768.428
253.278 505.709 358.081 769.692
255.015 504.63 358.738 768.048
254.831 505.583 359.395 769.5
257.712 503.331 360.052 766.072
260.732 501.05 360.709 762.6
259.17 503.307 361.366 766.036
259.7 503.424 362.023 766.214
260.737 503.091 362.68 765.706
258.424 506.08 363.337 770.256
258.693 506.515 363.994 770.918
257.148 508.692 364.651 774.231
257.595 508.967 365.308 774.65
256.653 510.528 365.965 777.026
256.635 511.305 366.622 778.208
261.546 507.038 367.279 771.713
263.134 506.116 367.936 770.311
261.698 508.241 368.593 773.545
262.356 508.313 369.25 773.654
260.298 511.009 369.907 777.757
263.434 508.638 370.564 774.149
265.012 507.614 371.221 772.59
262.986 510.297 371.878 776.674
263.15 510.899 372.535 777.591
263.687 511.002 373.192 777.747
266.955 508.453 373.849 773.867
265.033 510.92 374.506 777.622
266.442 510.337 375.163 776.735
265.71 511.834 375.82 779.013
263.664 514.487 376.477 783.051
267.607 511.3 377.134 778.201
267.941 511.545 377.791 778.573
266.053 514.141 378.448 782.525
265.03 515.94 379.105 785.263
266.549 515.031 379.763 783.879
264.228 517.981 380.42 788.368
266.287 516.588 381.077 786.25
267.458 516.141 381.734 785.568
269.209 515.168 382.391 784.088
267.821 517.102 383.048 787.031
269.098 516.432 383.705 786.011
270.082 516.191 384.362 785.645
269.876 516.986 385.019 786.855
272.784 514.764 385.676 783.473
271.498 516.795 386.333 786.563
272.426 516.49 386.99 786.1
271.605 517.969 387.647 788.35
273.14 517.167 388.304 787.13
273.293 517.728 388.961 787.984
274.305 517.408 389.618 787.497
279.282 513.167 390.275 781.042
276.281 516.846 390.932 786.641
282.568 511.286 391.589 778.179
283.406 511.125 392.246 777.935
283.958 511.225 392.903 778.086
283.761 512.048 393.56 779.339
278.661 517.704 394.217 787.948
281.701 515.355 394.874 784.373
283.448 514.424 395.531 782.955
284.832 513.669 396.188 781.806
284.986 514.252 396.845 782.694
286.047 513.948 397.502 782.231
287.606 513.063 398.159 780.884
288.223 513.139 398.816 781
286.315 515.7 399.473 784.897
288.564 514.142 400.13 782.527
290.934 512.485 400.787 780.004
291.2 512.795 401.444 780.477
291.842 512.854 402.101 780.566
294.669 510.736 402.759 777.342
294.073 512.026 403.416 779.305
293.496 513.217 404.073 781.119
291.98 515.458 404.73 784.529
292.744 515.261 405.387 784.23
294.517 514.197 406.044 782.609
296.092 513.345 406.701 781.313
298.078 512.052 407.358 779.345
298.007 512.811 408.015 780.5
297.55 514.013 408.672 782.33
299.088 513.234 409.329 781.145
301.264 511.702 409.986 778.812
301.513 512.064 410.643 779.363
300.673 513.53 411.3 781.595
303.312 511.653 411.957 778.737
302.391 513.239 412.614 781.152
303.575 512.69 413.271 780.317
300.75 516.088 413.928 785.488
303.625 513.895 414.585 782.15
306.534 511.669 415.242 778.762
305.368 513.501 415.899 781.55
305.069 514.429 416.556 782.963
305.603 514.59 417.213 783.208
305.256 515.712 417.87 784.916
307.234 514.469 418.527 783.024
309.606 512.829 419.184 780.528
310.44 512.642 419.841 780.242
312.2 511.563 420.498 778.601
313.465 510.983 421.155 777.718
315.044 510.139 421.812 776.434
317.688 508.025 422.469 773.216
319.631 506.977 423.126 771.622
318.352 508.95 423.783 774.624
317.675 510.321 424.44 776.711
311.776 516.823 425.097 786.607
310.624 518.646 425.755 789.381
312.229 517.554 426.412 787.719
313.591 516.868 427.069 786.675
314.733 516.407 427.726 785.973
312.735 519.147 428.383 790.143
316.891 515.726 429.04 784.937
313.754 519.489 429.697 790.664
314.103 519.813 430.354 791.157
317.236 517.425 431.011 787.523
320.12 515.18 431.668 784.106
320.982 514.994 432.325 783.822
319.074 517.596 432.982 787.783
316.458 520.801 433.639 792.661
317.653 520.24 434.296 791.807
320.5 518.048 434.953 788.471
314.788 524.432 435.61 798.187
316.323 523.652 436.267 797.001
320.316 520.348 436.924 791.972
320.614 520.762 437.581 792.602
323.991 517.961 438.238 788.338
323.694 518.994 438.895 789.911
324.066 519.37 439.552 790.483
326.616 517.481 440.209 787.609
328.335 516.507 440.866 786.126
328.092 517.365 441.523 787.431
328.11 518.162 442.18 788.644
329.083 517.775 442.837 788.055
331.105 516.39 443.494 785.948
330.932 517.392 444.151 787.473
331.185 517.769 444.808 788.046
332.197 517.436 445.465 787.54
331.797 518.609 446.122 789.325
330.947 520.023 446.779 791.477
329.492 522.069 447.436 794.59
329.084 523.042 448.093 796.071
330.942 521.877 448.751 794.299
329.23 524.208 449.408 797.847
335.28 518.872 450.065 789.725
333.959 520.868 450.722 792.764
334.553 520.901 451.379 792.814
336.168 519.977 452.036 791.407
335.236 521.669 452.693 793.983
336.306 521.352 453.35 793.499
335.77 522.459 454.007 795.185
338.611 520.309 454.664 791.913
340.3 519.258 455.321 790.313
340.065 520.149 455.978 791.668
341.823 519.162 456.635 790.167
344.439 517.261 457.292 787.274
343.137 519.277 457.949 790.342
343.13 519.939 458.606 791.35
340.787 522.864 459.263 795.801
344.944 519.507 459.92 790.692
343.036 522.063 460.577 794.581
342.733 523.049 461.234 796.083
341.329 525.132 461.891 799.254
345.884 521.282 462.548 793.393
345.172 522.575 463.205 795.362
348.732 519.838 463.862 791.196
353.778 515.475 464.519 784.555
353.749 516.223 465.176 785.693
355.821 514.825 465.833 783.565
357.597 513.639 466.49 781.761
353.276 518.663 467.147 789.407
351.435 521.091 467.804 793.102
355.99 517.344 468.461 787.399
354.2 519.786 469.118 791.117
352.48 522.1 469.775 794.638
353.124 522.137 470.432 794.694
355.45 520.561 471.089 792.296
357.581 519.167 471.747 790.174
356.13 521.176 472.404 793.231
355.122 522.824 473.061 795.739
357.062 521.537 473.718 793.781
357.893 521.347 474.375 793.492
360.964 518.989 475.032 789.903
360.674 520.003 475.689 791.446
359.502 521.773 476.346 794.14
361.188 520.747 477.003 792.579
360.08 522.543 477.66 795.313
363.997 519.23 478.317 790.271
364.206 519.776 478.974 791.1
361.091 523.495 479.631 796.761
366.941 518.318 480.288 788.882
365.648 520.351 480.945 791.976
366.967 519.729 481.602 791.03
367.425 519.992 482.259 791.43
369.587 518.517 482.916 789.185
365.198 523.58 483.573 796.891
365.164 524.339 484.23 798.046
365.994 524.28 484.887 797.956
368.551 522.395 485.544 795.087
367.883 523.702 486.201 797.076
368.154 524.133 486.858 797.732
369.931 522.956 487.515 795.941
369.442 524.156 488.172 797.767
374.059 520.041 488.829 791.504
373.007 521.965 489.486 794.432
372.461 523.146 490.143 796.23
373.608 522.683 490.8 795.526
373.173 523.793 491.457 797.214
378.529 519.232 492.114 790.273
376.058 522.251 492.771 794.868
375.512 523.459 493.428 796.707
376.919 522.682 494.085 795.524
377.943 522.35 494.743 795.019
376.192 524.749 495.4 798.671
376.109 525.515 496.057 799.836
379.066 523.3 496.714 796.464
376.719 526.299 497.371 801.03
379.008 524.845 498.028 798.817
380.647 523.774 498.685 797.186
382.566 522.68 499.342 795.52
381.252 524.686 499.999 798.574
380.531 526.06 500.656 800.665
381.197 526.115 501.313 800.749
381.591 526.387 501.97 801.163
386.154 522.576 502.627 795.363
387.179 522.159 503.284 794.728
387.62 522.478 503.941 795.213
389.706 521.019 504.598 792.992
390.407 520.922 505.255 792.845
391.394 520.687 505.912 792.488
395.419 517.329 506.569 787.377
393.185 520.199 507.226 791.745
392.291 521.766 507.883 794.13
390.517 524.235 508.54 797.887
391.844 523.655 509.197 797.005
390.537 525.581 509.854 799.936
390.648 526.215 510.511 800.902
390.905 526.625 511.168 801.525
392.078 526.209 511.825 800.893
391.629 527.335 512.482 802.605
391.992 527.628 513.139 803.052
392.943 527.404 513.796 802.711
395.419 525.538 514.453 799.871
395.287 526.324 515.11 801.067
398.427 523.753 515.767 797.155
393.831 529.051 516.424 805.218
397.042 526.406 517.081 801.192
397.755 526.392 517.739 801.171
400.541 524.189 518.396 797.818
402.068 523.426 519.053 796.656
403.519 522.607 519.71 795.41
404.938 521.881 520.367 794.305
405.139 522.29 521.024 794.928
405.484 522.669 521.681 795.505
407.591 521.263 522.338 793.364
407.651 521.892 522.995 794.321
407.741 522.55 523.652 795.323
408.297 522.62 524.309 795.429
408.551 523.035 524.966 796.061
409.255 523.064 525.623 796.105
408.748 524.135 526.28 797.736
405.819 527.708 526.937 803.174
409.545 524.799 527.594 798.746
413.362 521.653 528.251 793.958
414.053 521.524 528.908 793.761
417.772 518.63 529.565 789.356
415.179 521.85 530.222 794.258
412.82 524.789 530.879 798.731
410.382 527.915 531.536 803.489
415.523 523.532 532.193 796.818
415.19 524.564 532.85 798.389
415.103 525.367 533.507 799.611
414.059 527.082 534.164 802.221
415.002 526.839 534.821 801.851
418.999 523.514 535.478 796.79
418.678 524.51 536.135 798.307
424.41 519.529 536.792 790.726
425.352 519.207 537.449 790.235
424.896 520.373 538.106 792.01
426.292 519.596 538.763 790.827
430.509 516.213 539.42 785.679
425.702 521.692 540.077 794.018
422.708 525.237 540.735 799.413
423.591 524.973 541.392 799.011
425.207 524.109 542.049 797.697
421.478 528.444 542.706 804.294
424.567 525.982 543.363 800.547
428.376 522.998 544.02 796.005
424.945 526.942 544.677 802.008
427.754 524.767 545.334 798.698
431.15 522.03 545.991 794.531
432.261 521.635 546.648 793.93
433.564 520.933 547.305 792.862
432.43 522.725 547.962 795.59
433.818 522.094 548.619 794.63
430.346 526.231 549.276 800.926
434.833 522.563 549.933 795.343
439.826 518.242 550.59 788.767
439.304 519.401 551.247 790.53
437.448 521.819 551.904 794.211
436.707 523.276 552.561 796.428
439.675 521.067 553.218 793.067
440.413 520.951 553.875 792.889
441.319 520.754 554.532 792.59
439.884 522.755 555.189 795.635
442.001 521.357 555.846 793.508
441.75 522.216 556.503 794.815
442.265 522.355 557.16 795.026
440.828 524.429 557.817 798.183
444.975 521 558.474 792.964
446.861 519.665 559.131 790.931
446.974 520.04 559.788 791.503
446.999 520.811 560.445 792.676
447.888 520.676 561.102 792.47
448.388 520.897 561.759 792.808
447.784 522.169 562.416 794.742
442.719 527.788 563.073 803.295
446.582 524.627 563.731 798.485
449.443 522.479 564.388 795.215
445.778 526.844 565.045 801.859
448.362 524.973 565.702 799.011
452.053 521.918 566.359 794.361
451.393 523.263 567.016 796.408
450.912 524.319 567.673 798.015
456.667 519.239 568.33 790.283
456.508 520.197 568.987 791.742
457.142 520.202 569.644 791.749
458.894 519.149 570.301 790.147
458.536 520.096 570.958 791.588
460.291 519.081 571.615 790.044
460.01 519.994 572.272 791.433
460.768 519.882 572.929 791.263
461.189 520.057 573.586 791.529
461.395 520.626 574.243 792.394
462.546 520.067 574.9 791.544
467.243 516.022 575.557 785.387
468.182 515.702 576.214 784.9
467.33 517.167 576.871 787.13
471.263 513.989 577.528 782.293
471.144 514.834 578.185 783.579
471.805 514.795 578.842 783.52
471.222 516.091 579.499 785.492
473.366 514.66 580.156 783.315
473.224 515.548 580.813 784.665
473.029 516.375 581.47 785.925
478.174 511.994 582.127 779.257
474.039 516.678 582.784 786.386
475.187 516.274 583.441 785.77
472.794 519.306 584.098 790.385
475.261 517.548 584.755 787.71
478.568 514.938 585.412 783.737
478.587 515.501 586.069 784.594
477.073 517.747 586.727 788.013
475.754 519.804 587.384 791.143
479.308 517.087 588.041 787.008
483.546 513.649 588.698 781.775
480.497 517.355 589.355 787.416
484.409 514.2 590.012 782.615
484.006 515.284 590.669 784.264
485.332 514.633 591.326 783.274
487.789 512.887 591.983 780.616
486.063 515.319 592.64 784.318
489.333 512.758 593.297 780.42
491.955 510.783 593.954 777.414
491.566 511.928 594.611 779.157
493.344 510.923 595.268 777.627
493.783 511.105 595.925 777.904
494.75 510.861 596.582 777.533
497.146 509.082 597.239 774.824
497.647 509.184 597.896 774.98
500.368 507.22 598.553 771.991
503.418 504.774 599.21 768.269
507.469 501.452 599.867 763.212
504.27 505.243 600.524 768.982
506.566 503.536 601.181 766.384
510.354 500.534 601.838 761.815
506.797 504.646 602.495 768.074
507.234 504.947 603.152 768.531
507.485 505.311 603.809 769.085
510.056 503.495 604.466 766.322
507.091 506.953 605.123 771.585
508.459 506.356 605.78 770.676
510.359 505.223 606.437 768.951
510.124 506.05 607.094 770.21
508.794 508.022 607.751 773.212
509.942 507.599 608.408 772.567
509.884 508.314 609.065 773.656
509.406 509.536 609.723 775.515
512.039 507.604 610.38 772.575
513.567 506.8 611.037 771.351
513.383 507.668 611.694 772.672
515.312 506.461 612.351 770.836
515.342 507.025 613.008 771.694
517.505 505.633 613.665 769.575
513.805 509.899 614.322 776.068
515.018 509.343 614.979 775.221
518.656 506.503 615.636 770.9
519.546 506.159 616.293 770.376
516.768 509.659 616.95 775.703
518.013 509.047 617.607 774.772
518.865 508.885 618.264 774.525
522.301 506.166 618.921 770.386
518.33 510.704 619.578 777.294
517.301 512.377 620.235 779.839
521.703 508.791 620.892 774.382
521.305 509.886 621.549 776.048
522.678 509.254 622.206 775.086
521.878 510.772 622.863 777.396
521.528 511.778 623.52 778.929
522.363 511.596 624.177 778.651
521.739 512.946 624.834 780.706
523.825 511.582 625.491 778.63
521.95 514.139 626.148 782.522
523.973 512.783 626.805 780.458
522.65 514.826 627.462 783.568
522.573 515.48 628.119 784.562
526.511 512.205 628.776 779.578
524.546 514.821 629.433 783.559
527.264 512.871 630.09 780.592
525.233 515.449 630.747 784.516
525.436 515.911 631.404 785.218
525.835 516.268 632.061 785.762
526.648 516.114 632.719 785.527
526.647 516.815 633.376 786.595
528.697 515.532 634.033 784.641
528.907 515.993 634.69 785.343
532.31 513.207 635.347 781.104
528.187 517.957 636.004 788.332
533.802 513.083 636.661 780.914
528.879 518.567 637.318 789.261
532.584 515.635 637.975 784.798
532.859 516.014 638.632 785.375
533.736 515.919 639.289 785.23
532.804 517.504 639.946 787.643
531.956 518.968 640.603 789.872
536.637 515.025 641.26 783.87
534.467 517.854 641.917 788.176
533.837 519.098 642.574 790.07
531.665 521.939 643.231 794.393
533.963 520.281 643.888 791.869
532.729 522.117 644.545 794.664
536.438 519.057 645.202 790.007
538.812 517.31 645.859 787.348
536.813 519.9 646.516 791.289
535.585 521.715 647.173 794.052
538.751 519.374 647.83 790.489
537.001 521.805 648.487 794.19
539.03 520.463 649.144 792.146
539.112 520.992 649.801 792.951
539.779 521.079 650.458 793.084
541.911 519.639 651.115 790.893
540.842 521.399 651.772 793.572
540.182 522.766 652.429 795.652
540.667 522.994 653.086 795.999
539.669 524.632 653.743 798.492
543.867 521.15 654.4 793.192
540.712 524.967 655.057 799.001
544.039 522.324 655.715 794.979
546.36 520.809 656.372 792.673
543.927 523.926 657.029 797.417
546.62 521.932 657.686 794.382
546.313 522.978 658.343 795.975
547.015 522.996 659 796.001
544.669 525.917 659.657 800.447
547.41 523.902 660.314 797.381
546.041 525.96 660.971 800.514
546.381 526.275 661.628 800.992
546.955 526.379 662.285 801.151
547.634 526.37 662.942 801.138
548.1 526.567 663.599 801.437
549.672 525.725 664.256 800.155
549.19 526.815 664.913 801.815
548.513 528.138 665.57 803.828
552.138 525.269 666.227 799.461
552.901 525.21 666.884 799.371
551.789 526.938 667.541 802.001
551.993 527.518 668.198 802.885
551.611 528.461 668.855 804.319
552.851 527.956 669.512 803.552
553.41 528.003 670.169 803.622
556.017 526.134 670.826 800.777
556.435 526.356 671.483 801.115
554.454 528.936 672.14 805.043
554.599 529.587 672.797 806.033
555.232 529.551 673.454 805.978
558.414 527.203 674.111 802.405
553.417 532.691 674.768 810.758
554.94 531.895 675.425 809.546
553.929 533.514 676.082 812.01
558.46 529.783 676.739 806.332
560.635 528.307 677.396 804.085
561.707 527.901 678.053 803.467
560.334 529.9 678.711 806.509
559.056 531.898 679.368 809.551
560.784 530.802 680.025 807.883
560.947 531.342 680.682 808.704
560.545 532.371 681.339 810.271
561.026 532.582 681.996 810.592
562.085 532.179 682.653 809.979
562.4 532.529 683.31 810.511
563.922 531.727 683.967 809.291
561.065 535.143 684.624 814.49
563.653 533.308 685.281 811.697
563.87 533.671 685.938 812.249
566.34 531.987 686.595 809.686
564.958 533.964 687.252 812.695
564.275 535.384 687.909 814.857
566.16 534.162 688.566 812.996
566.312 534.785 689.223 813.944
565.222 536.508 689.88 816.567
565.83 536.508 690.537 816.567
564.88 538.181 691.194 819.114
565.423 538.433 691.851 819.497
569.495 535.103 692.508 814.429
566.861 538.386 693.165 819.426
568.644 537.243 693.822 817.686
569.68 536.913 694.479 817.183
569.722 537.48 695.136 818.047
569.868 538.107 695.793 819.001
572.147 536.537 696.45 816.612
574.644 534.683 697.107 813.79
574.554 535.429 697.764 814.924
569.03 541.619 698.421 824.346
571.399 539.887 699.078 821.71
573.707 538.343 699.735 819.36
571.068 541.553 700.392 824.246
574.977 538.454 701.049 819.53
572.976 541.047 701.707 823.476
573.469 541.25 702.364 823.785
574.845 540.529 703.021 822.687
574.831 541.304 703.678 823.866
577.091 539.875 704.335 821.692
575.831 541.732 704.992 824.518
577.347 540.921 705.649 823.284
576.937 542.093 706.306 825.067
579.806 539.897 706.963 821.725
578.288 542.075 707.62 825.041
580.02 541.027 708.277 823.445
579.075 542.687 708.934 825.971
580.458 541.986 709.591 824.905
581.744 541.345 710.248 823.929
581.022 542.824 710.905 826.18
579.757 544.746 711.562 829.105
582.651 542.589 712.219 825.822
582.838 543.022 712.876 826.481
583.088 543.443 713.533 827.123
583.472 543.738 714.19 827.571
583.8 544.009 714.847 827.983
581.787 546.675 715.504 832.041
580.793 548.39 716.161 834.652
583.582 546.358 716.818 831.56
583.476 547.086 717.475 832.666
586.194 545.015 718.132 829.515
588.603 543.358 718.789 826.993
586.768 545.815 719.446 830.732
586.458 546.768 720.103 832.183
585.663 548.243 720.76 834.427
587.238 547.312 721.417 833.011
587.719 547.506 722.074 833.305
590.019 545.904 722.731 830.868
590.458 546.133 723.388 831.216
589.523 547.7 724.045 833.602
590.028 547.973 724.703 834.017
590.285 548.445 725.36 834.735
588.214 551.178 726.017 838.896
590.444 549.533 726.674 836.392
593.566 547.139 727.331 832.748
590.729 550.479 727.988 837.831
594.076 547.898 728.645 833.902
593.573 549.121 729.302 835.764
594.574 548.689 729.959 835.107
594.686 549.367 730.616 836.138
593.132 551.531 731.273 839.433
594.998 550.341 731.93 837.621
597.013 548.998 732.587 835.577
596.301 550.33 733.244 837.605
597.599 549.692 733.901 836.633
599.752 548.299 734.558 834.513
596.902 551.779 735.215 839.81
595.779 553.522 735.872 842.463
598.934 551.09 736.529 838.761
596.897 553.8 737.186 842.885
597.883 553.517 737.843 842.455
597.071 555.02 738.5 844.742
598.505 554.264 739.157 843.591
598.708 554.667 739.814 844.205
600.607 553.353 740.471 842.205
599.096 555.542 741.128 845.538
602.735 552.595 741.785 841.052
601.285 554.763 742.442 844.352
599.995 556.795 743.099 847.444
606.021 551.512 743.756 839.404
603.32 554.85 744.413 844.484
603.542 555.257 745.07 845.103
604.057 555.33 745.727 845.214
605.931 554.187 746.384 843.475
603.312 557.485 747.041 848.495
605.269 556.33 747.699 846.736
607.033 555.249 748.356 845.091
605.273 557.614 749.013 848.691
606.408 557.181 749.67 848.032
606.66 557.494 750.327 848.508
605.694 559.227 750.984 851.146
