#E_pot E_kin E_opt Temperature
12.3032 71.6277 16.5837 600.365
12.1841 71.8683 16.703 602.381
12.1527 72.0137 16.8223 603.6
12.5559 71.7373 16.9416 601.283
12.46 71.9497 17.0609 603.064
12.1958 72.3346 17.1802 606.29
12.4026 72.2461 17.2995 605.548
12.0455 72.7234 17.4188 609.549
12.894 71.9965 17.5381 603.456
12.8951 72.1137 17.6574 604.438
12.2747 72.8518 17.7767 610.625
13.2114 72.0392 17.896 603.814
12.6176 72.7502 18.0154 609.773
12.4989 72.9848 18.1347 611.74
12.9391 72.6673 18.254 609.078
12.7447 72.9793 18.3733 611.693
13.2236 72.6219 18.4926 608.698
13.2425 72.7226 18.6119 609.542
12.9773 73.1094 18.7312 612.784
13.0849 73.12 18.8505 612.873
13.794 72.5326 18.9698 607.95
13.5837 72.857 19.0891 610.668
14.1833 72.3836 19.2084 606.7
13.8085 72.8742 19.3277 610.812
13.8039 73.0006 19.447 611.872
14.3099 72.6165 19.5663 608.653
14.2285 72.8166 19.6857 610.33
14.902 72.2634 19.805 605.693
14.5933 72.6895 19.9243 609.265
14.5668 72.8365 20.0436 610.497
15.0343 72.4914 20.1629 607.604
14.2658 73.3763 20.2822 615.021
14.8308 72.9308 20.4015 611.287
15.0008 72.8835 20.5208 610.89
15.3089 72.6944 20.6401 609.305
14.63 73.4915 20.7594 615.986
15.3641 72.8775 20.8787 610.84
14.6776 73.6827 20.998 617.589
15.3421 73.1398 21.1173 613.039
14.6871 73.9091 21.2366 619.487
14.1631 74.5543 21.3559 624.895
15.4304 73.4105 21.4753 615.308
14.8551 74.1038 21.5946 621.119
15.8711 73.2096 21.7139 613.624
14.6243 74.5726 21.8332 625.048
15.044 74.2693 21.9525 622.506
16.1835 73.2547 22.0718 614.001
16.0133 73.5472 22.1911 616.453
16.0247 73.6561 22.3104 617.366
16.2073 73.5924 22.4297 616.833
15.5238 74.3925 22.549 623.538
16.0951 73.9397 22.6683 619.743
16.011 74.1448 22.7876 621.463
16.2881 73.9885 22.9069 620.152
16.4099 73.9875 23.0262 620.144
16.1923 74.3222 23.1456 622.949
16.6913 73.9445 23.2649 619.783
16.1367 74.6129 23.3842 625.386
16.9145 73.9593 23.5035 619.908
16.6025 74.3929 23.6228 623.542
16.4563 74.6568 23.7421 625.754
17.1433 74.0906 23.8614 621.008
17.0489 74.3018 23.9807 622.778
16.9618 74.5115 24.1 624.536
17.164 74.4293 24.2193 623.847
16.9282 74.7849 24.3386 626.828
16.6518 75.1786 24.4579 630.127
16.7182 75.2279 24.5772 630.541
17.1899 74.8826 24.6965 627.646
16.7532 75.438 24.8159 632.301
18.243 74.0703 24.9352 620.838
17.776 74.6555 25.0545 625.743
17.6615 74.8877 25.1738 627.689
18.4449 74.2253 25.2931 622.137
17.7865 75.0011 25.4124 628.639
18.0278 74.8819 25.5317 627.641
17.7379 75.2889 25.651 631.052
17.9217 75.229 25.7703 630.55
17.2663 76.0005 25.8896 637.016
18.6596 74.7287 26.0089 626.357
18.3678 75.1409 26.1282 629.812
18.1152 75.5144 26.2475 632.942
18.5192 75.2266 26.3668 630.53
18.2573 75.6098 26.4861 633.741
18.7988 75.1893 26.6055 630.217
17.5918 76.5131 26.7248 641.312
18.8811 75.3449 26.8441 631.521
19.4269 74.9232 26.9634 627.987
18.5229 75.9415 27.0827 636.522
18.3477 76.2366 27.202 638.995
18.7399 75.966 27.3213 636.727
18.4855 76.3373 27.4406 639.839
18.9217 76.0212 27.5599 637.19
19.0497 76.0145 27.6792 637.134
18.465 76.7159 27.7985 643.012
19.418 75.8854 27.9178 636.052
19.0801 76.3443 28.0371 639.898
19.9736 75.5716 28.1564 633.421
19.8902 75.7744 28.2758 635.121
19.3054 76.476 28.3951 641.002
19.3315 76.5665 28.5144 641.761
19.8145 76.2096 28.6337 638.769
19.4329 76.7075 28.753 642.942
19.4493 76.811 28.8723 643.81
19.5694 76.8134 28.9916 643.83
19.5217 76.9766 29.1109 645.198
20.149 76.4722 29.2302 640.97
19.9069 76.832 29.3495 643.986
19.8414 77.0149 29.4688 645.519
20.1212 76.8589 29.5881 644.211
19.7474 77.3521 29.7074 648.345
20.4519 76.768 29.8267 643.449
21.0297 76.3075 29.9461 639.589
20.151 77.3069 30.0654 647.966
20.4957 77.0829 30.1847 646.089
20.7044 76.9913 30.304 645.321
20.4416 77.3737 30.4233 648.526
20.7323 77.2067 30.5426 647.127
20.7667 77.2908 30.6619 647.831
20.5837 77.5918 30.7812 650.354
21.5621 76.7356 30.9005 643.178
21.7899 76.628 31.0198 642.276
21.3633 77.1738 31.1391 646.851
21.3849 77.2696 31.2584 647.654
21.1798 77.5965 31.3777 650.394
21.4438 77.4522 31.497 649.184
21.0345 77.9819 31.6163 653.624
21.2614 77.8728 31.7357 652.71
21.4138 77.8397 31.855 652.432
23.1351 76.2421 31.9743 639.041
21.7774 77.7163 32.0936 651.398
21.9751 77.6383 32.2129 650.744
22.2973 77.4371 32.3322 649.058
22.036 77.8154 32.4515 652.228
22.3839 77.5905 32.5708 650.343
22.1162 77.9749 32.6901 653.566
22.3657 77.8462 32.8094 652.487
23.5408 76.7949 32.9287 643.674
22.7585 77.6907 33.048 651.183
23.1127 77.4597 33.1673 649.247
23.8393 76.8563 33.2866 644.189
23.1886 77.6235 33.406 650.62
22.5333 78.3969 33.5253 657.102
22.2683 78.7803 33.6446 660.316
22.1705 78.9984 33.7639 662.144
22.8199 78.4708 33.8832 657.722
22.5182 78.8882 34.0025 661.221
22.6416 78.8872 34.1218 661.212
23.0117 78.6386 34.2411 659.128
23.0856 78.684 34.3604 659.509
23.1618 78.7269 34.4797 659.868
23.2403 78.77 34.599 660.23
22.9998 79.1255 34.7183 663.209
22.7641 79.4824 34.8376 666.201
24.5523 77.8162 34.9569 652.235
23.1106 79.3744 35.0763 665.296
24.2609 78.3479 35.1956 656.692
24.2876 78.4407 35.3149 657.47
24.014 78.8326 35.4342 660.754
24.0828 78.884 35.5535 661.185
23.3076 79.776 35.6728 668.662
24.6091 78.5963 35.7921 658.774
23.7143 79.6085 35.9114 667.257
24.1594 79.286 36.0307 664.554
23.5189 80.0424 36.15 670.894
24.0048 79.6769 36.2693 667.831
23.7332 80.0693 36.3886 671.12
23.3034 80.6151 36.5079 675.695
24.1139 79.9276 36.6272 669.932
24.1319 80.0287 36.7465 670.78
25.1168 79.1646 36.8659 663.537
24.4351 79.9662 36.9852 670.256
24.9495 79.5707 37.1045 666.941
25.1671 79.4752 37.2238 666.14
24.4704 80.287 37.3431 672.945
24.6899 80.1908 37.4624 672.139
26.5376 78.4688 37.5817 657.705
25.6692 79.4519 37.701 665.945
25.2546 79.9838 37.8203 670.403
26.336 79.0281 37.9396 662.393
25.2203 80.2599 38.0589 672.717
26.2557 79.3419 38.1782 665.023
25.6154 80.1033 38.2975 671.405
26.5178 79.3224 38.4168 664.859
26.3124 79.6468 38.5362 667.579
27.3704 78.7102 38.6555 659.728
26.7784 79.4184 38.7748 665.664
26.966 79.3532 38.8941 665.118
27.8456 78.5958 39.0134 658.769
26.3573 80.1995 39.1327 672.211
27.1776 79.5023 39.252 666.367
27.2473 79.5507 39.3713 666.774
27.6243 79.2947 39.4906 664.627
27.2008 79.839 39.6099 669.19
26.9593 80.193 39.7292 672.157
27.1586 80.1173 39.8485 671.522
26.7808 80.6143 39.9678 675.688
26.6374 80.8756 40.0871 677.878
26.4054 81.2272 40.2065 680.825
27.39 80.3644 40.3258 673.593
27.6218 80.2509 40.4451 672.642
27.9868 80.0084 40.5644 670.609
27.7946 80.3175 40.6837 673.2
27.7154 80.517 40.803 674.873
26.8956 81.4567 40.9223 682.749
26.4324 82.0362 41.0416 687.606
27.5786 81.0093 41.1609 678.999
27.6538 81.0576 41.2802 679.404
26.6289 82.1959 41.3995 688.945
27.627 81.3239 41.5188 681.636
27.8139 81.2552 41.6381 681.06
27.6835 81.5045 41.7574 683.149
28.5157 80.7922 41.8767 677.179
28.4204 81.0079 41.9961 678.987
28.3002 81.25 42.1154 681.017
28.2024 81.4689 42.2347 682.851
28.5423 81.2483 42.354 681.002
28.4073 81.5011 42.4733 683.121
28.6305 81.3965 42.5926 682.244
29.5137 80.6347 42.7119 675.859
29.0345 81.2327 42.8312 680.871
29.0286 81.3591 42.9505 681.93
29.7797 80.7324 43.0698 676.678
29.102 81.5244 43.1891 683.316
30.0187 80.7269 43.3084 676.632
31.3242 79.5501 43.4277 666.768
29.4397 81.5455 43.547 683.493
30.7377 80.3709 43.6664 673.648
31.1666 80.0671 43.7857 671.101
30.8459 80.502 43.905 674.747
30.175 81.2942 44.0243 681.387
31.3859 80.203 44.1436 672.241
30.9124 80.7959 44.2629 677.211
29.6938 82.1291 44.3822 688.385
29.8509 82.0937 44.5015 688.088
29.7173 82.3453 44.6208 690.197
30.0956 82.0867 44.7401 688.029
30.7208 81.5824 44.8594 683.802
31.4034 81.0226 44.9787 679.11
31.0449 81.4993 45.098 683.106
30.5789 82.0856 45.2173 688.02
29.8747 82.9087 45.3367 694.919
29.8082 83.0914 45.456 696.45
30.6704 82.3526 45.5753 690.258
30.8756 82.2685 45.6946 689.553
31.8786 81.3867 45.8139 682.162
31.5628 81.8164 45.9332 685.764
31.2218 82.2795 46.0525 689.645
31.9028 81.7197 46.1718 684.953
31.7645 81.9771 46.2911 687.11
30.9719 82.8871 46.4104 694.738
31.1326 82.8454 46.5297 694.388
32.2379 81.8629 46.649 686.154
32.2414 81.9777 46.7683 687.116
31.2323 83.1079 46.8876 696.589
31.9695 82.489 47.0069 691.401
31.8661 82.7154 47.1263 693.299
32.0191 82.6822 47.2456 693.02
32.4149 82.402 47.3649 690.672
31.8232 83.1104 47.4842 696.61
32.2624 82.7951 47.6035 693.967
32.7711 82.4081 47.7228 690.723
33.1443 82.1563 47.8421 688.613
32.9944 82.4257 47.9614 690.871
32.668 82.8678 48.0807 694.577
34.1714 81.4871 48.2 683.003
32.9995 82.7752 48.3193 693.8
33.5454 82.3505 48.4386 690.241
32.9711 83.044 48.5579 696.053
32.819 83.3137 48.6772 698.314
32.9778 83.2727 48.7966 697.97
33.4739 82.9022 48.9159 694.864
34.1165 82.38 49.0352 690.488
34.0234 82.5931 49.1545 692.274
34.1726 82.5633 49.2738 692.024
34.1605 82.6943 49.3931 693.122
33.4866 83.487 49.5124 699.766
34.3053 82.7872 49.6317 693.901
35.0786 82.135 49.751 688.435
34.3196 83.0105 49.8703 695.773
34.8444 82.6119 49.9896 692.431
34.8293 82.7448 50.1089 693.545
34.8837 82.8084 50.2282 694.078
35.1763 82.6378 50.3475 692.649
33.4357 84.4946 50.4669 708.211
33.874 84.1738 50.5862 705.522
35.6787 82.4928 50.7055 691.433
34.8899 83.4008 50.8248 699.044
35.5421 82.8661 50.9441 694.562
35.6001 82.9302 51.0634 695.099
35.8351 82.8179 51.1827 694.158
35.7954 82.9737 51.302 695.464
35.4768 83.4118 51.4213 699.136
36.2477 82.7619 51.5406 693.689
36.6153 82.5144 51.6599 691.615
35.0425 84.2039 51.7792 705.775
36.333 83.0357 51.8985 695.984
35.3505 84.1345 52.0178 705.194
36.5439 83.0635 52.1371 696.217
35.7248 84.0021 52.2565 704.084
35.1865 84.6597 52.3758 709.595
36.3398 83.6261 52.4951 700.932
36.4362 83.6504 52.6144 701.136
36.4157 83.7902 52.7337 702.307
37.8616 82.4678 52.853 691.224
36.6746 83.7726 52.9723 702.16
36.2958 84.2706 53.0916 706.334
36.5793 84.1032 53.2109 704.931
36.9678 83.8382 53.3302 702.71
37.3922 83.5325 53.4495 700.148
37.7881 83.2612 53.5688 697.874
38.1062 83.0616 53.6881 696.201
36.5199 84.7665 53.8074 710.491
35.9714 85.4269 53.9268 716.026
37.2551 84.269 54.0461 706.321
36.3994 85.2427 54.1654 714.482
37.0316 84.7296 54.2847 710.182
35.94 85.9365 54.404 720.298
36.8705 85.1268 54.5233 713.511
36.183 85.9347 54.6426 720.283
37.1675 85.0734 54.7619 713.063
36.4511 85.9089 54.8812 720.066
37.3464 85.1362 55.0005 713.59
38.3924 84.2087 55.1198 705.816
37.796 84.9237 55.2391 711.808
37.6077 85.2302 55.3584 714.378
37.906 85.0504 55.4777 712.871
37.8991 85.1796 55.5971 713.953
39.2163 83.9856 55.7164 703.946
37.9235 85.3957 55.8357 715.765
38.6991 84.7429 55.955 710.293
38.8466 84.7119 56.0743 710.033
39.4027 84.279 56.1936 706.405
39.4149 84.3868 56.3129 707.308
37.9154 86.0025 56.4322 720.85
38.7766 85.261 56.5515 714.635
38.4699 85.6875 56.6708 718.21
39.8386 84.4402 56.7901 707.756
39.1494 85.2476 56.9094 714.523
38.6341 85.882 57.0287 719.841
39.4455 85.192 57.148 714.057
40.27 84.4883 57.2673 708.159
39.1977 85.6762 57.3867 718.116
39.3304 85.6609 57.506 717.987
39.086 86.0299 57.6253 721.08
40.476 84.7597 57.7446 710.434
40.4632 84.8917 57.8639 711.54
39.8933 85.5794 57.9832 717.304
41.0704 84.5284 58.1025 708.495
40.0296 85.681 58.2218 718.156
40.8745 84.9623 58.3411 712.132
42.0175 83.9422 58.4604 703.582
42.7418 83.3386 58.5797 698.522
43.2655 82.9341 58.699 695.132
42.4712 83.8442 58.8183 702.76
42.343 84.0941 58.9376 704.855
42.0411 84.5162 59.057 708.393
42.1801 84.493 59.1763 708.199
42.6879 84.1097 59.2956 704.986
43.1564 83.7584 59.4149 702.041
43.1016 83.933 59.5342 703.505
42.6104 84.5428 59.6535 708.616
42.5319 84.7436 59.7728 710.298
41.8815 85.5084 59.8921 716.709
44.3089 83.208 60.0114 697.427
43.5491 84.0854 60.1307 704.782
44.3034 83.4524 60.25 699.477
44.2271 83.6488 60.3693 701.122
43.8667 84.1236 60.4886 705.102
44.5296 83.5876 60.6079 700.609
44.286 83.9495 60.7273 703.642
45.0599 83.2969 60.8466 698.173
46.5604 81.9183 60.9659 686.617
45.0684 83.5244 61.0852 700.079
45.1982 83.5135 61.2045 699.988
44.8032 84.0288 61.3238 704.308
46.5657 82.3911 61.4431 690.581
46.2466 82.8285 61.5624 694.247
45.6921 83.502 61.6817 699.892
45.5973 83.7133 61.801 701.663
46.1113 83.3181 61.9203 698.35
45.5958 83.9561 62.0396 703.698
46.9323 82.7397 62.1589 693.502
46.3482 83.4421 62.2782 699.39
46.7961 83.1174 62.3976 696.668
45.9401 84.092 62.5169 704.837
45.9646 84.1856 62.6362 705.622
47.1169 83.1517 62.7555 696.956
45.5629 84.8269 62.8748 710.997
45.1857 85.3204 62.9941 715.134
47.102 83.5303 63.1134 700.129
47.5784 83.1737 63.2327 697.14
48.4159 82.4573 63.352 691.136
47.2609 83.7263 63.4713 701.772
46.8823 84.2242 63.5906 705.945
47.1288 84.0981 63.7099 704.888
47.6188 83.7292 63.8292 701.796
48.7231 82.748 63.9485 693.572
48.1126 83.4815 64.0678 699.72
46.6573 85.0489 64.1872 712.858
47.4176 84.4104 64.3065 707.506
47.2356 84.7109 64.4258 710.025
48.417 83.653 64.5451 701.158
47.4347 84.7538 64.6644 710.384
46.2168 86.0873 64.7837 721.561
47.0285 85.3945 64.903 715.754
44.3461 88.1945 65.0223 739.223
46.5526 86.1097 65.1416 721.749
46.8865 85.8947 65.2609 719.947
45.4925 87.4024 65.3802 732.584
47.6759 85.3471 65.4995 715.357
48.2346 84.9071 65.6188 711.669
48.366 84.8969 65.7381 711.584
48.1964 85.1851 65.8575 713.999
46.9575 86.5391 65.9768 725.348
47.7526 85.8681 66.0961 719.724
48.2215 85.5198 66.2154 716.805
48.6958 85.1655 66.3347 713.835
48.3106 85.6679 66.454 718.046
49.2193 84.8837 66.5733 711.473
48.8675 85.3555 66.6926 715.428
49.1687 85.1758 66.8119 713.921
48.8997 85.562 66.9312 717.158
49.6947 84.8859 67.0505 711.492
48.1849 86.5131 67.1698 725.13
48.6851 86.1313 67.2891 721.93
48.6496 86.29 67.4084 723.26
48.2795 86.7774 67.5278 727.345
48.9531 86.2247 67.6471 722.713
47.7515 87.5402 67.7664 733.739
48.595 86.8197 67.8857 727.7
47.358 88.1748 68.005 739.058
48.5272 87.1269 68.1243 730.275
47.9879 87.7874 68.2436 735.811
48.7121 87.1808 68.3629 730.727
50.1348 85.8822 68.4822 719.842
49.8193 86.3206 68.6015 723.517
48.998 87.2517 68.7208 731.321
50.5494 85.8241 68.8401 719.356
49.865 86.6312 68.9594 726.12
49.7233 86.8889 69.0787 728.28
48.7235 88.008 69.198 737.66
49.7642 87.0876 69.3174 729.946
51.2154 85.7612 69.4367 718.828
50.3331 86.7581 69.556 727.184
50.4645 86.7421 69.6753 727.05
51.0428 86.2879 69.7946 723.243
51.0797 86.3732 69.9139 723.958
51.4273 86.1482 70.0332 722.072
50.1736 87.519 70.1525 733.561
51.9711 85.8422 70.2718 719.507
51.0937 86.8387 70.3911 727.859
51.4658 86.5881 70.5104 725.759
50.7698 87.3974 70.6297 732.542
50.2258 88.0624 70.749 738.116
50.7594 87.6493 70.8683 734.653
51.0407 87.4877 70.9877 733.299
51.511 87.1392 71.107 730.378
50.2618 88.5044 71.2263 741.821
50.6487 88.2379 71.3456 739.587
51.7349 87.2728 71.4649 731.498
52.9371 86.1941 71.5842 722.457
52.5011 86.7497 71.7035 727.113
52.6672 86.699 71.8228 726.688
52.3611 87.1241 71.9421 730.252
52.7337 86.8749 72.0614 728.163
53.0133 86.7154 72.1807 726.826
53.5256 86.3261 72.3 723.563
54.9575 85.0133 72.4193 712.559
54.45 85.6403 72.5386 717.815
54.6801 85.5319 72.658 716.906
54.9038 85.4309 72.7773 716.06
54.5051 85.9458 72.8966 720.375
55.427 85.1431 73.0159 713.648
54.5206 86.1679 73.1352 722.237
56.0505 84.7582 73.2545 710.421
55.8099 85.1226 73.3738 713.476
56.8942 84.1554 73.4931 705.368
55.1192 86.0491 73.6124 721.241
54.8667 86.4161 73.7317 724.317
54.7416 86.6645 73.851 726.399
55.3579 86.1679 73.9703 722.237
56.4294 85.2204 74.0896 714.295
55.3965 86.3688 74.2089 723.921
56.0442 85.842 74.3282 719.505
56.1088 85.8959 74.4476 719.957
56.7154 85.4167 74.5669 715.941
56.3466 85.8981 74.6862 719.976
57.2889 85.0787 74.8055 713.107
55.621 86.8615 74.9248 728.051
57.3598 85.2495 75.0441 714.539
56.1207 86.6042 75.1634 725.894
57.5953 85.2518 75.2827 714.559
58.1866 84.7782 75.402 710.588
56.1007 86.9833 75.5213 729.071
56.2532 86.9509 75.6406 728.8
54.6838 88.6331 75.7599 742.899
55.6147 87.8286 75.8792 736.157
55.2914 88.2655 75.9985 739.818
56.4193 87.2629 76.1179 731.415
56.5963 87.21 76.2372 730.971
56.301 87.6168 76.3565 734.381
57.1092 86.9365 76.4758 728.679
57.6147 86.5433 76.5951 725.383
56.4247 87.8529 76.7144 736.36
57.2296 87.1717 76.8337 730.651
57.3714 87.1447 76.953 730.424
57.822 86.8184 77.0723 727.689
55.7734 88.9821 77.1916 745.825
56.1663 88.7106 77.3109 743.549
56.4588 88.5409 77.4302 742.127
57.399 87.7218 77.5495 735.261
58.4067 86.8361 77.6688 727.838
58.234 87.1281 77.7882 730.285
58.6799 86.7976 77.9075 727.515
58.8769 86.7174 78.0268 726.843
57.4357 88.2809 78.1461 739.947
57.4435 88.3907 78.2654 740.868
58.2955 87.664 78.3847 734.777
58.068 88.011 78.504 737.685
58.099 88.0972 78.6233 738.408
57.906 88.4102 78.7426 741.031
57.193 89.2439 78.8619 748.019
58.8265 87.7279 78.9812 735.313
57.9676 88.7083 79.1005 743.529
58.6993 88.0939 79.2198 738.38
59.5473 87.3681 79.3391 732.296
60.4519 86.587 79.4584 725.749
59.0177 88.1391 79.5778 738.759
60.4402 86.8356 79.6971 727.834
60.2746 87.1191 79.8164 730.21
60.9754 86.5395 79.9357 725.352
60.6695 86.9684 80.055 728.947
59.2292 88.5236 80.1743 741.982
60.184 87.6913 80.2936 735.005
59.8287 88.1591 80.4129 738.927
59.0024 89.1103 80.5322 746.899
61.8003 86.4337 80.6515 724.465
61.3304 87.0243 80.7708 729.415
59.4931 88.975 80.8901 745.766
60.8362 87.7546 81.0094 735.536
61.2319 87.4806 81.1287 733.239
60.3559 88.4762 81.2481 741.584
60.4774 88.4727 81.3674 741.555
61.0021 88.0641 81.4867 738.13
62.8051 86.3903 81.606 724.101
61.7093 87.6036 81.7253 734.271
62.7076 86.7271 81.8446 726.924
61.9001 87.6486 81.9639 734.648
60.9911 88.6785 82.0832 743.28
61.8552 87.9378 82.2025 737.071
61.7405 88.1698 82.3218 739.016
63.2156 86.8176 82.4411 727.683
62.7348 87.4142 82.5604 732.683
62.2325 88.0325 82.6797 737.866
62.5582 87.8275 82.799 736.147
64.0961 86.4123 82.9184 724.286
62.2654 88.3637 83.0377 740.642
62.1692 88.5751 83.157 742.413
63.4686 87.4009 83.2763 732.571
65.5669 85.4291 83.3956 716.044
63.3709 87.7379 83.5149 735.396
63.4902 87.734 83.6342 735.364
63.5125 87.8323 83.7535 736.187
62.5944 88.8707 83.8728 744.891
64.116 87.4721 83.9921 733.168
62.9922 88.7105 84.1114 743.548
63.1415 88.6854 84.2307 743.338
64.6722 87.2705 84.35 731.478
63.2321 88.8336 84.4693 744.58
63.2649 88.9181 84.5886 745.289
64.4047 87.8966 84.708 736.726
64.6866 87.736 84.8273 735.38
63.5394 89.0053 84.9466 746.019
64.6031 88.0616 85.0659 738.109
64.7184 88.0623 85.1852 738.115
65.5799 87.3258 85.3045 731.942
64.9934 88.0347 85.4238 737.884
65.8496 87.2917 85.5431 731.657
65.7334 87.5293 85.6624 733.648
65.6381 87.7467 85.7817 735.47
66.8466 86.6614 85.901 726.374
68.0979 85.5294 86.0203 716.885
67.0859 86.6593 86.1396 726.356
67.8901 85.9793 86.2589 720.656
65.1083 88.8694 86.3783 744.88
67.8723 86.2351 86.4976 722.8
67.393 86.8332 86.6169 727.813
69.2412 85.1081 86.7362 713.354
68.4375 86.0318 86.8555 721.096
69.2129 85.3737 86.9748 715.58
68.3518 86.3508 87.0941 723.77
69.72 85.1064 87.2134 713.339
68.5077 86.4335 87.3327 724.463
67.459 87.604 87.452 734.274
68.9397 86.2442 87.5713 722.877
68.7412 86.5618 87.6906 725.539
69.1332 86.2875 87.8099 723.239
70.1378 85.4077 87.9292 715.865
69.9257 85.7365 88.0486 718.621
68.7934 86.988 88.1679 729.11
70.1164 85.7887 88.2872 719.058
70.3144 85.706 88.4065 718.365
69.9376 86.2036 88.5258 722.536
71.3484 84.9215 88.6451 711.79
70.6685 85.714 88.7644 718.432
70.3185 86.1819 88.8837 722.355
68.828 87.7937 89.003 735.864
67.4157 89.3182 89.1223 748.641
66.9242 89.9284 89.2416 753.756
67.4364 89.5359 89.3609 750.467
69.1072 87.9912 89.4802 737.519
67.7784 89.4354 89.5995 749.624
70.2304 87.1095 89.7188 730.129
70.1317 87.3227 89.8382 731.916
69.262 88.3136 89.9575 740.221
70.0061 87.6883 90.0768 734.98
69.4701 88.3445 90.1961 740.48
68.3028 89.628 90.3154 751.239
69.3165 88.7377 90.4347 743.777
69.0843 89.0904 90.554 746.732
69.6587 88.6348 90.6733 742.914
70.8605 87.5532 90.7926 733.848
70.8608 87.6719 90.9119 734.843
70.188 88.4654 91.0312 741.494
69.3545 89.4203 91.1505 749.497
69.7663 89.1264 91.2698 747.034
69.3843 89.6252 91.3891 751.215
70.3522 88.7821 91.5085 744.148
70.5705 88.6794 91.6278 743.287
72.0325 87.343 91.7471 732.086
71.9897 87.5016 91.8664 733.415
71.6543 87.9557 91.9857 737.221
70.5174 89.2131 92.105 747.761
71.6371 88.2127 92.2243 739.375
71.4986 88.4701 92.3436 741.533
71.1687 88.9205 92.4629 745.308
71.3879 88.8205 92.5822 744.47
70.7504 89.575 92.7015 750.794
72.6663 87.7857 92.8208 735.797
73.4978 87.0782 92.9401 729.867
72.0948 88.5927 93.0594 742.561
74.0675 86.7434 93.1788 727.06
73.8243 87.1043 93.2981 730.086
75.6372 85.4169 93.4174 715.942
73.1507 88.0179 93.5367 737.743
72.9886 88.2982 93.656 740.093
73.5788 87.8282 93.7753 736.153
73.1577 88.3723 93.8946 740.714
73.6519 87.9992 94.0139 737.587
73.8496 87.9177 94.1332 736.903
74.0699 87.8205 94.2525 736.089
74.2281 87.7821 94.3718 735.767
74.6771 87.4518 94.4911 732.998
73.2554 88.9925 94.6104 745.912
74.3932 87.975 94.7297 737.384
76.1385 86.3543 94.849 723.799
76.5639 86.0508 94.9684 721.255
76.3166 86.4148 95.0877 724.306
77.8281 85.0267 95.207 712.671
75.793 87.1726 95.3263 730.658
75.663 87.4236 95.4456 732.762
76.1563 87.0533 95.5649 729.658
76.5938 86.7337 95.6842 726.979
76.3235 87.1238 95.8035 730.249
77.9721 85.5982 95.9228 717.462
78.2186 85.4686 96.0421 716.375
78.3011 85.5058 96.1614 716.688
77.5882 86.3403 96.2807 723.682
78.4347 85.6141 96.4 717.595
80.2412 83.9285 96.5193 703.467
80.1846 84.1113 96.6387 704.999
79.7419 84.6669 96.758 709.656
80.6124 83.9191 96.8773 703.388
82.3845 82.2719 96.9966 689.582
82.0066 82.7694 97.1159 693.751
81.0071 83.8879 97.2352 703.127
81.8775 83.1377 97.3545 696.838
82.0643 83.0712 97.4738 696.281
80.8352 84.4157 97.5931 707.55
82.3366 83.0402 97.7124 696.022
81.2909 84.1973 97.8317 705.72
82.109 83.5025 97.951 699.896
83.0498 82.6857 98.0703 693.05
82.2856 83.5663 98.1896 700.431
81.6708 84.303 98.309 706.606
83.1048 82.9871 98.4283 695.576
84.076 82.1358 98.5476 688.441
82.513 83.8154 98.6669 702.518
82.639 83.8123 98.7862 702.493
83.6287 82.9414 98.9055 695.194
82.7892 83.9021 99.0248 703.245
82.2229 84.5867 99.1441 708.984
82.9373 83.9911 99.2634 703.991
82.9862 84.0608 99.3827 704.576
83.7384 83.4316 99.502 699.302
83.5911 83.6948 99.6213 701.508
83.4418 83.9672 99.7406 703.791
82.3102 85.2184 99.8599 714.278
83.2603 84.3855 99.9792 707.297
81.6993 86.063 100.099 721.358
82.6116 85.2709 100.218 714.719
83.2866 84.7186 100.337 710.089
83.2511 84.8732 100.456 711.385
81.8238 86.4143 100.576 724.302
82.0678 86.2943 100.695 723.296
81.9632 86.5162 100.814 725.156
82.2924 86.3086 100.934 723.416
83.4449 85.2758 101.053 714.759
83.475 85.3684 101.172 715.536
81.7938 87.1682 101.292 730.621
83.73 85.3512 101.411 715.391
83.8161 85.3817 101.53 715.647
82.5525 86.7691 101.65 727.276
83.3802 86.0633 101.769 721.36
83.0326 86.5266 101.888 725.244
84.7499 84.9338 102.007 711.893
83.9499 85.8513 102.127 719.583
84.1826 85.7368 102.246 718.623
85.2225 84.8169 102.365 710.913
85.3639 84.7969 102.485 710.745
85.3723 84.9113 102.604 711.704
86.319 84.0847 102.723 704.776
85.5123 85.0043 102.843 712.484
85.917 84.7276 102.962 710.165
84.6509 86.1115 103.081 721.764
86.2139 84.6688 103.201 709.672
86.1659 84.8318 103.32 711.038
85.9005 85.2139 103.439 714.241
85.7313 85.5077 103.558 716.703
84.716 86.6395 103.678 726.189
85.689 85.7866 103.797 719.041
85.2104 86.3805 103.916 724.019
85.6732 86.0479 104.036 721.231
85.671 86.1661 104.155 722.222
86.5392 85.4156 104.274 715.932
84.6172 87.4556 104.394 733.03
87.1206 85.078 104.513 713.101
85.0524 87.2612 104.632 731.401
86.3221 86.1163 104.752 721.804
86.0222 86.5299 104.871 725.271
87.4614 85.216 104.99 714.258
86.4769 86.3196 105.109 723.508
85.8431 87.0725 105.229 729.819
85.2806 87.7493 105.348 735.492
86.7946 86.3609 105.467 723.855
85.0794 88.1886 105.587 739.173
86.4545 86.9349 105.706 728.666
86.3358 87.176 105.825 730.686
87.117 86.518 105.945 725.171
85.6458 88.1067 106.064 738.488
87.0892 86.7829 106.183 727.392
86.4739 87.5148 106.303 733.526
85.9846 88.1204 106.422 738.602
86.4709 87.756 106.541 735.548
86.3271 88.0212 106.66 737.771
87.2563 87.2121 106.78 730.989
87.4126 87.1758 106.899 730.685
87.4511 87.2568 107.018 731.364
87.579 87.2476 107.138 731.287
88.7616 86.1884 107.257 722.409
87.7434 87.3249 107.376 731.935
88.5799 86.6102 107.496 725.944
87.4202 87.8887 107.615 736.66
87.8075 87.6239 107.734 734.44
88.683 86.8641 107.854 728.072
86.9594 88.705 107.973 743.502
87.9726 87.8124 108.092 736.02
87.8734 88.0329 108.211 737.869
89.543 86.4846 108.331 724.891
89.5603 86.5867 108.45 725.747
89.8673 86.4002 108.569 724.184
89.2952 87.0917 108.689 729.98
89.719 86.7893 108.808 727.445
87.711 88.9105 108.927 745.225
89.1692 87.5757 109.047 734.037
88.7082 88.1547 109.166 738.89
88.9045 88.0799 109.285 738.263
89.7333 87.3714 109.404 732.325
89.1538 88.0714 109.524 738.191
88.9799 88.3653 109.643 740.655
90.0387 87.4228 109.762 732.755
88.7909 88.7917 109.882 744.229
88.3709 89.3307 110.001 748.746
89.0217 88.8004 110.12 744.302
91.1617 86.7876 110.24 727.431
90.3905 87.6794 110.359 734.906
88.7535 89.4256 110.478 749.542
90.6986 87.6008 110.598 734.247
91.9924 86.4329 110.717 724.458
91.0365 87.5075 110.836 733.465
90.1278 88.533 110.955 742.06
91.6206 87.159 111.075 730.544
90.7204 88.1777 111.194 739.082
90.1479 88.8703 111.313 744.887
88.6089 90.5246 111.433 758.754
92.1391 87.1288 111.552 730.291
90.7427 88.6352 111.671 742.917
90.1222 89.3781 111.791 749.144
90.8214 88.8005 111.91 744.303
90.9541 88.784 112.029 744.165
90.8106 89.0489 112.149 746.385
89.7761 90.2015 112.268 756.045
91.1002 88.9935 112.387 745.92
90.6141 89.6032 112.506 751.031
90.1064 90.2282 112.626 756.269
90.6989 89.7598 112.745 752.344
91.4066 89.1683 112.864 747.385
91.3983 89.2976 112.984 748.469
91.7168 89.0974 113.103 746.792
91.6407 89.2966 113.222 748.461
91.6727 89.3817 113.342 749.174
92.9367 88.2443 113.461 739.641
91.834 89.4534 113.58 749.775
92.4595 88.9553 113.7 745.6
91.6514 89.8791 113.819 753.343
93.5841 88.0712 113.938 738.189
92.2681 89.5025 114.057 750.187
92.5877 89.3064 114.177 748.543
91.5906 90.4245 114.296 757.915
92.8083 89.3245 114.415 748.694
92.3654 89.8875 114.535 753.413
94.0731 88.301 114.654 740.116
92.7994 89.6895 114.773 751.754
91.0719 91.5303 114.893 767.183
92.8966 89.8365 115.012 752.986
92.0553 90.7919 115.131 760.994
91.3706 91.5973 115.251 767.744
91.6311 91.4566 115.37 766.565
92.1331 91.0738 115.489 763.357
92.2773 91.0529 115.608 763.182
93.1447 90.3028 115.728 756.894
94.4828 89.0911 115.847 746.739
94.0334 89.6577 115.966 751.487
94.5394 89.2757 116.086 748.286
92.8922 91.0372 116.205 763.05
94.3162 89.737 116.324 752.152
95.0459 89.125 116.444 747.023
95.384 88.9088 116.563 745.21
94.2243 90.1837 116.682 755.897
93.6977 90.8275 116.802 761.292
95.8091 88.8411 116.921 744.643
94.3572 90.4067 117.04 757.765
94.419 90.4684 117.159 758.282
92.6271 92.3741 117.279 774.256
